[;, public, static, final, int, PRIMES_LAST, =, PRIMES, [, PRIMES, ., length, -, 1, ], ;, private, SmallPrimes, (, )]
[,, 3, ,, 5, ,, 7, ,, 11, ,, 13, ,, 17, ,, 19, ,, 23, ,, 29, ,, 31]
[,, 5, ,, 7, ,, 11, ,, 13, ,, 17, ,, 19, ,, 23, ,, 29, ,, 31, ,, 37]
[,, 7, ,, 11, ,, 13, ,, 17, ,, 19, ,, 23, ,, 29, ,, 31, ,, 37, ,, 41]
[,, 11, ,, 13, ,, 17, ,, 19, ,, 23, ,, 29, ,, 31, ,, 37, ,, 41, ,, 43]
[,, 13, ,, 17, ,, 19, ,, 23, ,, 29, ,, 31, ,, 37, ,, 41, ,, 43, ,, 47]
[,, 17, ,, 19, ,, 23, ,, 29, ,, 31, ,, 37, ,, 41, ,, 43, ,, 47, ,, 53]
[,, 19, ,, 23, ,, 29, ,, 31, ,, 37, ,, 41, ,, 43, ,, 47, ,, 53, ,, 59]
[,, 23, ,, 29, ,, 31, ,, 37, ,, 41, ,, 43, ,, 47, ,, 53, ,, 59, ,, 61]
[,, 29, ,, 31, ,, 37, ,, 41, ,, 43, ,, 47, ,, 53, ,, 59, ,, 61, ,, 67]
[,, 31, ,, 37, ,, 41, ,, 43, ,, 47, ,, 53, ,, 59, ,, 61, ,, 67, ,, 71]
[,, 37, ,, 41, ,, 43, ,, 47, ,, 53, ,, 59, ,, 61, ,, 67, ,, 71, ,, 73]
[,, 41, ,, 43, ,, 47, ,, 53, ,, 59, ,, 61, ,, 67, ,, 71, ,, 73, ,, 79]
[,, 43, ,, 47, ,, 53, ,, 59, ,, 61, ,, 67, ,, 71, ,, 73, ,, 79, ,, 83]
[,, 47, ,, 53, ,, 59, ,, 61, ,, 67, ,, 71, ,, 73, ,, 79, ,, 83, ,, 89]
[,, 53, ,, 59, ,, 61, ,, 67, ,, 71, ,, 73, ,, 79, ,, 83, ,, 89, ,, 97]
[,, 59, ,, 61, ,, 67, ,, 71, ,, 73, ,, 79, ,, 83, ,, 89, ,, 97, ,, 101]
[,, 61, ,, 67, ,, 71, ,, 73, ,, 79, ,, 83, ,, 89, ,, 97, ,, 101, ,, 103]
[,, 67, ,, 71, ,, 73, ,, 79, ,, 83, ,, 89, ,, 97, ,, 101, ,, 103, ,, 107]
[,, 71, ,, 73, ,, 79, ,, 83, ,, 89, ,, 97, ,, 101, ,, 103, ,, 107, ,, 109]
[,, 73, ,, 79, ,, 83, ,, 89, ,, 97, ,, 101, ,, 103, ,, 107, ,, 109, ,, 113]
[,, 79, ,, 83, ,, 89, ,, 97, ,, 101, ,, 103, ,, 107, ,, 109, ,, 113, ,, 127]
[,, 83, ,, 89, ,, 97, ,, 101, ,, 103, ,, 107, ,, 109, ,, 113, ,, 127, ,, 131]
[,, 89, ,, 97, ,, 101, ,, 103, ,, 107, ,, 109, ,, 113, ,, 127, ,, 131, ,, 137]
[,, 97, ,, 101, ,, 103, ,, 107, ,, 109, ,, 113, ,, 127, ,, 131, ,, 137, ,, 139]
[,, 101, ,, 103, ,, 107, ,, 109, ,, 113, ,, 127, ,, 131, ,, 137, ,, 139, ,, 149]
[,, 103, ,, 107, ,, 109, ,, 113, ,, 127, ,, 131, ,, 137, ,, 139, ,, 149, ,, 151]
[,, 107, ,, 109, ,, 113, ,, 127, ,, 131, ,, 137, ,, 139, ,, 149, ,, 151, ,, 157]
[,, 109, ,, 113, ,, 127, ,, 131, ,, 137, ,, 139, ,, 149, ,, 151, ,, 157, ,, 163]
[,, 113, ,, 127, ,, 131, ,, 137, ,, 139, ,, 149, ,, 151, ,, 157, ,, 163, ,, 167]
[,, 127, ,, 131, ,, 137, ,, 139, ,, 149, ,, 151, ,, 157, ,, 163, ,, 167, ,, 173]
[,, 131, ,, 137, ,, 139, ,, 149, ,, 151, ,, 157, ,, 163, ,, 167, ,, 173, ,, 179]
[,, 137, ,, 139, ,, 149, ,, 151, ,, 157, ,, 163, ,, 167, ,, 173, ,, 179, ,, 181]
[,, 139, ,, 149, ,, 151, ,, 157, ,, 163, ,, 167, ,, 173, ,, 179, ,, 181, ,, 191]
[,, 149, ,, 151, ,, 157, ,, 163, ,, 167, ,, 173, ,, 179, ,, 181, ,, 191, ,, 193]
[,, 151, ,, 157, ,, 163, ,, 167, ,, 173, ,, 179, ,, 181, ,, 191, ,, 193, ,, 197]
[,, 157, ,, 163, ,, 167, ,, 173, ,, 179, ,, 181, ,, 191, ,, 193, ,, 197, ,, 199]
[,, 163, ,, 167, ,, 173, ,, 179, ,, 181, ,, 191, ,, 193, ,, 197, ,, 199, ,, 211]
[,, 167, ,, 173, ,, 179, ,, 181, ,, 191, ,, 193, ,, 197, ,, 199, ,, 211, ,, 223]
[,, 173, ,, 179, ,, 181, ,, 191, ,, 193, ,, 197, ,, 199, ,, 211, ,, 223, ,, 227]
[,, 179, ,, 181, ,, 191, ,, 193, ,, 197, ,, 199, ,, 211, ,, 223, ,, 227, ,, 229]
[,, 181, ,, 191, ,, 193, ,, 197, ,, 199, ,, 211, ,, 223, ,, 227, ,, 229, ,, 233]
[,, 191, ,, 193, ,, 197, ,, 199, ,, 211, ,, 223, ,, 227, ,, 229, ,, 233, ,, 239]
[,, 193, ,, 197, ,, 199, ,, 211, ,, 223, ,, 227, ,, 229, ,, 233, ,, 239, ,, 241]
[,, 197, ,, 199, ,, 211, ,, 223, ,, 227, ,, 229, ,, 233, ,, 239, ,, 241, ,, 251]
[,, 199, ,, 211, ,, 223, ,, 227, ,, 229, ,, 233, ,, 239, ,, 241, ,, 251, ,, 257]
[,, 211, ,, 223, ,, 227, ,, 229, ,, 233, ,, 239, ,, 241, ,, 251, ,, 257, ,, 263]
[,, 223, ,, 227, ,, 229, ,, 233, ,, 239, ,, 241, ,, 251, ,, 257, ,, 263, ,, 269]
[,, 227, ,, 229, ,, 233, ,, 239, ,, 241, ,, 251, ,, 257, ,, 263, ,, 269, ,, 271]
[,, 229, ,, 233, ,, 239, ,, 241, ,, 251, ,, 257, ,, 263, ,, 269, ,, 271, ,, 277]
[,, 233, ,, 239, ,, 241, ,, 251, ,, 257, ,, 263, ,, 269, ,, 271, ,, 277, ,, 281]
[,, 239, ,, 241, ,, 251, ,, 257, ,, 263, ,, 269, ,, 271, ,, 277, ,, 281, ,, 283]
[,, 241, ,, 251, ,, 257, ,, 263, ,, 269, ,, 271, ,, 277, ,, 281, ,, 283, ,, 293]
[,, 251, ,, 257, ,, 263, ,, 269, ,, 271, ,, 277, ,, 281, ,, 283, ,, 293, ,, 307]
[,, 257, ,, 263, ,, 269, ,, 271, ,, 277, ,, 281, ,, 283, ,, 293, ,, 307, ,, 311]
[,, 263, ,, 269, ,, 271, ,, 277, ,, 281, ,, 283, ,, 293, ,, 307, ,, 311, ,, 313]
[,, 269, ,, 271, ,, 277, ,, 281, ,, 283, ,, 293, ,, 307, ,, 311, ,, 313, ,, 317]
[,, 271, ,, 277, ,, 281, ,, 283, ,, 293, ,, 307, ,, 311, ,, 313, ,, 317, ,, 331]
[,, 277, ,, 281, ,, 283, ,, 293, ,, 307, ,, 311, ,, 313, ,, 317, ,, 331, ,, 337]
[,, 281, ,, 283, ,, 293, ,, 307, ,, 311, ,, 313, ,, 317, ,, 331, ,, 337, ,, 347]
[,, 283, ,, 293, ,, 307, ,, 311, ,, 313, ,, 317, ,, 331, ,, 337, ,, 347, ,, 349]
[,, 293, ,, 307, ,, 311, ,, 313, ,, 317, ,, 331, ,, 337, ,, 347, ,, 349, ,, 353]
[,, 307, ,, 311, ,, 313, ,, 317, ,, 331, ,, 337, ,, 347, ,, 349, ,, 353, ,, 359]
[,, 311, ,, 313, ,, 317, ,, 331, ,, 337, ,, 347, ,, 349, ,, 353, ,, 359, ,, 367]
[,, 313, ,, 317, ,, 331, ,, 337, ,, 347, ,, 349, ,, 353, ,, 359, ,, 367, ,, 373]
[,, 317, ,, 331, ,, 337, ,, 347, ,, 349, ,, 353, ,, 359, ,, 367, ,, 373, ,, 379]
[,, 331, ,, 337, ,, 347, ,, 349, ,, 353, ,, 359, ,, 367, ,, 373, ,, 379, ,, 383]
[,, 337, ,, 347, ,, 349, ,, 353, ,, 359, ,, 367, ,, 373, ,, 379, ,, 383, ,, 389]
[,, 347, ,, 349, ,, 353, ,, 359, ,, 367, ,, 373, ,, 379, ,, 383, ,, 389, ,, 397]
[,, 349, ,, 353, ,, 359, ,, 367, ,, 373, ,, 379, ,, 383, ,, 389, ,, 397, ,, 401]
[,, 353, ,, 359, ,, 367, ,, 373, ,, 379, ,, 383, ,, 389, ,, 397, ,, 401, ,, 409]
[,, 359, ,, 367, ,, 373, ,, 379, ,, 383, ,, 389, ,, 397, ,, 401, ,, 409, ,, 419]
[,, 367, ,, 373, ,, 379, ,, 383, ,, 389, ,, 397, ,, 401, ,, 409, ,, 419, ,, 421]
[,, 373, ,, 379, ,, 383, ,, 389, ,, 397, ,, 401, ,, 409, ,, 419, ,, 421, ,, 431]
[,, 379, ,, 383, ,, 389, ,, 397, ,, 401, ,, 409, ,, 419, ,, 421, ,, 431, ,, 433]
[,, 383, ,, 389, ,, 397, ,, 401, ,, 409, ,, 419, ,, 421, ,, 431, ,, 433, ,, 439]
[,, 389, ,, 397, ,, 401, ,, 409, ,, 419, ,, 421, ,, 431, ,, 433, ,, 439, ,, 443]
[,, 397, ,, 401, ,, 409, ,, 419, ,, 421, ,, 431, ,, 433, ,, 439, ,, 443, ,, 449]
[,, 401, ,, 409, ,, 419, ,, 421, ,, 431, ,, 433, ,, 439, ,, 443, ,, 449, ,, 457]
[,, 409, ,, 419, ,, 421, ,, 431, ,, 433, ,, 439, ,, 443, ,, 449, ,, 457, ,, 461]
[,, 419, ,, 421, ,, 431, ,, 433, ,, 439, ,, 443, ,, 449, ,, 457, ,, 461, ,, 463]
[,, 421, ,, 431, ,, 433, ,, 439, ,, 443, ,, 449, ,, 457, ,, 461, ,, 463, ,, 467]
[,, 431, ,, 433, ,, 439, ,, 443, ,, 449, ,, 457, ,, 461, ,, 463, ,, 467, ,, 479]
[,, 433, ,, 439, ,, 443, ,, 449, ,, 457, ,, 461, ,, 463, ,, 467, ,, 479, ,, 487]
[,, 439, ,, 443, ,, 449, ,, 457, ,, 461, ,, 463, ,, 467, ,, 479, ,, 487, ,, 491]
[,, 443, ,, 449, ,, 457, ,, 461, ,, 463, ,, 467, ,, 479, ,, 487, ,, 491, ,, 499]
[,, 449, ,, 457, ,, 461, ,, 463, ,, 467, ,, 479, ,, 487, ,, 491, ,, 499, ,, 503]
[,, 457, ,, 461, ,, 463, ,, 467, ,, 479, ,, 487, ,, 491, ,, 499, ,, 503, ,, 509]
[,, 461, ,, 463, ,, 467, ,, 479, ,, 487, ,, 491, ,, 499, ,, 503, ,, 509, ,, 521]
[,, 463, ,, 467, ,, 479, ,, 487, ,, 491, ,, 499, ,, 503, ,, 509, ,, 521, ,, 523]
[,, 467, ,, 479, ,, 487, ,, 491, ,, 499, ,, 503, ,, 509, ,, 521, ,, 523, ,, 541]
[,, 479, ,, 487, ,, 491, ,, 499, ,, 503, ,, 509, ,, 521, ,, 523, ,, 541, ,, 547]
[,, 487, ,, 491, ,, 499, ,, 503, ,, 509, ,, 521, ,, 523, ,, 541, ,, 547, ,, 557]
[,, 491, ,, 499, ,, 503, ,, 509, ,, 521, ,, 523, ,, 541, ,, 547, ,, 557, ,, 563]
[,, 499, ,, 503, ,, 509, ,, 521, ,, 523, ,, 541, ,, 547, ,, 557, ,, 563, ,, 569]
[,, 503, ,, 509, ,, 521, ,, 523, ,, 541, ,, 547, ,, 557, ,, 563, ,, 569, ,, 571]
[,, 509, ,, 521, ,, 523, ,, 541, ,, 547, ,, 557, ,, 563, ,, 569, ,, 571, ,, 577]
[,, 521, ,, 523, ,, 541, ,, 547, ,, 557, ,, 563, ,, 569, ,, 571, ,, 577, ,, 587]
[,, 523, ,, 541, ,, 547, ,, 557, ,, 563, ,, 569, ,, 571, ,, 577, ,, 587, ,, 593]
[,, 541, ,, 547, ,, 557, ,, 563, ,, 569, ,, 571, ,, 577, ,, 587, ,, 593, ,, 599]
[,, 547, ,, 557, ,, 563, ,, 569, ,, 571, ,, 577, ,, 587, ,, 593, ,, 599, ,, 601]
[,, 557, ,, 563, ,, 569, ,, 571, ,, 577, ,, 587, ,, 593, ,, 599, ,, 601, ,, 607]
[,, 563, ,, 569, ,, 571, ,, 577, ,, 587, ,, 593, ,, 599, ,, 601, ,, 607, ,, 613]
[,, 569, ,, 571, ,, 577, ,, 587, ,, 593, ,, 599, ,, 601, ,, 607, ,, 613, ,, 617]
[,, 571, ,, 577, ,, 587, ,, 593, ,, 599, ,, 601, ,, 607, ,, 613, ,, 617, ,, 619]
[,, 577, ,, 587, ,, 593, ,, 599, ,, 601, ,, 607, ,, 613, ,, 617, ,, 619, ,, 631]
[,, 587, ,, 593, ,, 599, ,, 601, ,, 607, ,, 613, ,, 617, ,, 619, ,, 631, ,, 641]
[,, 593, ,, 599, ,, 601, ,, 607, ,, 613, ,, 617, ,, 619, ,, 631, ,, 641, ,, 643]
[,, 599, ,, 601, ,, 607, ,, 613, ,, 617, ,, 619, ,, 631, ,, 641, ,, 643, ,, 647]
[,, 601, ,, 607, ,, 613, ,, 617, ,, 619, ,, 631, ,, 641, ,, 643, ,, 647, ,, 653]
[,, 607, ,, 613, ,, 617, ,, 619, ,, 631, ,, 641, ,, 643, ,, 647, ,, 653, ,, 659]
[,, 613, ,, 617, ,, 619, ,, 631, ,, 641, ,, 643, ,, 647, ,, 653, ,, 659, ,, 661]
[,, 617, ,, 619, ,, 631, ,, 641, ,, 643, ,, 647, ,, 653, ,, 659, ,, 661, ,, 673]
[,, 619, ,, 631, ,, 641, ,, 643, ,, 647, ,, 653, ,, 659, ,, 661, ,, 673, ,, 677]
[,, 631, ,, 641, ,, 643, ,, 647, ,, 653, ,, 659, ,, 661, ,, 673, ,, 677, ,, 683]
[,, 641, ,, 643, ,, 647, ,, 653, ,, 659, ,, 661, ,, 673, ,, 677, ,, 683, ,, 691]
[,, 643, ,, 647, ,, 653, ,, 659, ,, 661, ,, 673, ,, 677, ,, 683, ,, 691, ,, 701]
[,, 647, ,, 653, ,, 659, ,, 661, ,, 673, ,, 677, ,, 683, ,, 691, ,, 701, ,, 709]
[,, 653, ,, 659, ,, 661, ,, 673, ,, 677, ,, 683, ,, 691, ,, 701, ,, 709, ,, 719]
[,, 659, ,, 661, ,, 673, ,, 677, ,, 683, ,, 691, ,, 701, ,, 709, ,, 719, ,, 727]
[,, 661, ,, 673, ,, 677, ,, 683, ,, 691, ,, 701, ,, 709, ,, 719, ,, 727, ,, 733]
[,, 673, ,, 677, ,, 683, ,, 691, ,, 701, ,, 709, ,, 719, ,, 727, ,, 733, ,, 739]
[,, 677, ,, 683, ,, 691, ,, 701, ,, 709, ,, 719, ,, 727, ,, 733, ,, 739, ,, 743]
[,, 683, ,, 691, ,, 701, ,, 709, ,, 719, ,, 727, ,, 733, ,, 739, ,, 743, ,, 751]
[,, 691, ,, 701, ,, 709, ,, 719, ,, 727, ,, 733, ,, 739, ,, 743, ,, 751, ,, 757]
[,, 701, ,, 709, ,, 719, ,, 727, ,, 733, ,, 739, ,, 743, ,, 751, ,, 757, ,, 761]
[,, 709, ,, 719, ,, 727, ,, 733, ,, 739, ,, 743, ,, 751, ,, 757, ,, 761, ,, 769]
[,, 719, ,, 727, ,, 733, ,, 739, ,, 743, ,, 751, ,, 757, ,, 761, ,, 769, ,, 773]
[,, 727, ,, 733, ,, 739, ,, 743, ,, 751, ,, 757, ,, 761, ,, 769, ,, 773, ,, 787]
[,, 733, ,, 739, ,, 743, ,, 751, ,, 757, ,, 761, ,, 769, ,, 773, ,, 787, ,, 797]
[,, 739, ,, 743, ,, 751, ,, 757, ,, 761, ,, 769, ,, 773, ,, 787, ,, 797, ,, 809]
[,, 743, ,, 751, ,, 757, ,, 761, ,, 769, ,, 773, ,, 787, ,, 797, ,, 809, ,, 811]
[,, 751, ,, 757, ,, 761, ,, 769, ,, 773, ,, 787, ,, 797, ,, 809, ,, 811, ,, 821]
[,, 757, ,, 761, ,, 769, ,, 773, ,, 787, ,, 797, ,, 809, ,, 811, ,, 821, ,, 823]
[,, 761, ,, 769, ,, 773, ,, 787, ,, 797, ,, 809, ,, 811, ,, 821, ,, 823, ,, 827]
[,, 769, ,, 773, ,, 787, ,, 797, ,, 809, ,, 811, ,, 821, ,, 823, ,, 827, ,, 829]
[,, 773, ,, 787, ,, 797, ,, 809, ,, 811, ,, 821, ,, 823, ,, 827, ,, 829, ,, 839]
[,, 787, ,, 797, ,, 809, ,, 811, ,, 821, ,, 823, ,, 827, ,, 829, ,, 839, ,, 853]
[,, 797, ,, 809, ,, 811, ,, 821, ,, 823, ,, 827, ,, 829, ,, 839, ,, 853, ,, 857]
[,, 809, ,, 811, ,, 821, ,, 823, ,, 827, ,, 829, ,, 839, ,, 853, ,, 857, ,, 859]
[,, 811, ,, 821, ,, 823, ,, 827, ,, 829, ,, 839, ,, 853, ,, 857, ,, 859, ,, 863]
[,, 821, ,, 823, ,, 827, ,, 829, ,, 839, ,, 853, ,, 857, ,, 859, ,, 863, ,, 877]
[,, 823, ,, 827, ,, 829, ,, 839, ,, 853, ,, 857, ,, 859, ,, 863, ,, 877, ,, 881]
[,, 827, ,, 829, ,, 839, ,, 853, ,, 857, ,, 859, ,, 863, ,, 877, ,, 881, ,, 883]
[,, 829, ,, 839, ,, 853, ,, 857, ,, 859, ,, 863, ,, 877, ,, 881, ,, 883, ,, 887]
[,, 839, ,, 853, ,, 857, ,, 859, ,, 863, ,, 877, ,, 881, ,, 883, ,, 887, ,, 907]
[,, 853, ,, 857, ,, 859, ,, 863, ,, 877, ,, 881, ,, 883, ,, 887, ,, 907, ,, 911]
[,, 857, ,, 859, ,, 863, ,, 877, ,, 881, ,, 883, ,, 887, ,, 907, ,, 911, ,, 919]
[,, 859, ,, 863, ,, 877, ,, 881, ,, 883, ,, 887, ,, 907, ,, 911, ,, 919, ,, 929]
[,, 863, ,, 877, ,, 881, ,, 883, ,, 887, ,, 907, ,, 911, ,, 919, ,, 929, ,, 937]
[,, 877, ,, 881, ,, 883, ,, 887, ,, 907, ,, 911, ,, 919, ,, 929, ,, 937, ,, 941]
[,, 881, ,, 883, ,, 887, ,, 907, ,, 911, ,, 919, ,, 929, ,, 937, ,, 941, ,, 947]
[,, 883, ,, 887, ,, 907, ,, 911, ,, 919, ,, 929, ,, 937, ,, 941, ,, 947, ,, 953]
[,, 887, ,, 907, ,, 911, ,, 919, ,, 929, ,, 937, ,, 941, ,, 947, ,, 953, ,, 967]
[,, 907, ,, 911, ,, 919, ,, 929, ,, 937, ,, 941, ,, 947, ,, 953, ,, 967, ,, 971]
[,, 911, ,, 919, ,, 929, ,, 937, ,, 941, ,, 947, ,, 953, ,, 967, ,, 971, ,, 977]
[,, 919, ,, 929, ,, 937, ,, 941, ,, 947, ,, 953, ,, 967, ,, 971, ,, 977, ,, 983]
[,, 929, ,, 937, ,, 941, ,, 947, ,, 953, ,, 967, ,, 971, ,, 977, ,, 983, ,, 991]
[,, 937, ,, 941, ,, 947, ,, 953, ,, 967, ,, 971, ,, 977, ,, 983, ,, 991, ,, 997]
[,, 941, ,, 947, ,, 953, ,, 967, ,, 971, ,, 977, ,, 983, ,, 991, ,, 997, ,, 1009]
[,, 947, ,, 953, ,, 967, ,, 971, ,, 977, ,, 983, ,, 991, ,, 997, ,, 1009, ,, 1013]
[,, 953, ,, 967, ,, 971, ,, 977, ,, 983, ,, 991, ,, 997, ,, 1009, ,, 1013, ,, 1019]
[,, 967, ,, 971, ,, 977, ,, 983, ,, 991, ,, 997, ,, 1009, ,, 1013, ,, 1019, ,, 1021]
[,, 971, ,, 977, ,, 983, ,, 991, ,, 997, ,, 1009, ,, 1013, ,, 1019, ,, 1021, ,, 1031]
[,, 977, ,, 983, ,, 991, ,, 997, ,, 1009, ,, 1013, ,, 1019, ,, 1021, ,, 1031, ,, 1033]
[,, 983, ,, 991, ,, 997, ,, 1009, ,, 1013, ,, 1019, ,, 1021, ,, 1031, ,, 1033, ,, 1039]
[,, 991, ,, 997, ,, 1009, ,, 1013, ,, 1019, ,, 1021, ,, 1031, ,, 1033, ,, 1039, ,, 1049]
[,, 997, ,, 1009, ,, 1013, ,, 1019, ,, 1021, ,, 1031, ,, 1033, ,, 1039, ,, 1049, ,, 1051]
[,, 1009, ,, 1013, ,, 1019, ,, 1021, ,, 1031, ,, 1033, ,, 1039, ,, 1049, ,, 1051, ,, 1061]
[,, 1013, ,, 1019, ,, 1021, ,, 1031, ,, 1033, ,, 1039, ,, 1049, ,, 1051, ,, 1061, ,, 1063]
[,, 1019, ,, 1021, ,, 1031, ,, 1033, ,, 1039, ,, 1049, ,, 1051, ,, 1061, ,, 1063, ,, 1069]
[,, 1021, ,, 1031, ,, 1033, ,, 1039, ,, 1049, ,, 1051, ,, 1061, ,, 1063, ,, 1069, ,, 1087]
[,, 1031, ,, 1033, ,, 1039, ,, 1049, ,, 1051, ,, 1061, ,, 1063, ,, 1069, ,, 1087, ,, 1091]
[,, 1033, ,, 1039, ,, 1049, ,, 1051, ,, 1061, ,, 1063, ,, 1069, ,, 1087, ,, 1091, ,, 1093]
[,, 1039, ,, 1049, ,, 1051, ,, 1061, ,, 1063, ,, 1069, ,, 1087, ,, 1091, ,, 1093, ,, 1097]
[,, 1049, ,, 1051, ,, 1061, ,, 1063, ,, 1069, ,, 1087, ,, 1091, ,, 1093, ,, 1097, ,, 1103]
[,, 1051, ,, 1061, ,, 1063, ,, 1069, ,, 1087, ,, 1091, ,, 1093, ,, 1097, ,, 1103, ,, 1109]
[,, 1061, ,, 1063, ,, 1069, ,, 1087, ,, 1091, ,, 1093, ,, 1097, ,, 1103, ,, 1109, ,, 1117]
[,, 1063, ,, 1069, ,, 1087, ,, 1091, ,, 1093, ,, 1097, ,, 1103, ,, 1109, ,, 1117, ,, 1123]
[,, 1069, ,, 1087, ,, 1091, ,, 1093, ,, 1097, ,, 1103, ,, 1109, ,, 1117, ,, 1123, ,, 1129]
[,, 1087, ,, 1091, ,, 1093, ,, 1097, ,, 1103, ,, 1109, ,, 1117, ,, 1123, ,, 1129, ,, 1151]
[,, 1091, ,, 1093, ,, 1097, ,, 1103, ,, 1109, ,, 1117, ,, 1123, ,, 1129, ,, 1151, ,, 1153]
[,, 1093, ,, 1097, ,, 1103, ,, 1109, ,, 1117, ,, 1123, ,, 1129, ,, 1151, ,, 1153, ,, 1163]
[,, 1097, ,, 1103, ,, 1109, ,, 1117, ,, 1123, ,, 1129, ,, 1151, ,, 1153, ,, 1163, ,, 1171]
[,, 1103, ,, 1109, ,, 1117, ,, 1123, ,, 1129, ,, 1151, ,, 1153, ,, 1163, ,, 1171, ,, 1181]
[,, 1109, ,, 1117, ,, 1123, ,, 1129, ,, 1151, ,, 1153, ,, 1163, ,, 1171, ,, 1181, ,, 1187]
[,, 1117, ,, 1123, ,, 1129, ,, 1151, ,, 1153, ,, 1163, ,, 1171, ,, 1181, ,, 1187, ,, 1193]
[,, 1123, ,, 1129, ,, 1151, ,, 1153, ,, 1163, ,, 1171, ,, 1181, ,, 1187, ,, 1193, ,, 1201]
[,, 1129, ,, 1151, ,, 1153, ,, 1163, ,, 1171, ,, 1181, ,, 1187, ,, 1193, ,, 1201, ,, 1213]
[,, 1151, ,, 1153, ,, 1163, ,, 1171, ,, 1181, ,, 1187, ,, 1193, ,, 1201, ,, 1213, ,, 1217]
[,, 1153, ,, 1163, ,, 1171, ,, 1181, ,, 1187, ,, 1193, ,, 1201, ,, 1213, ,, 1217, ,, 1223]
[,, 1163, ,, 1171, ,, 1181, ,, 1187, ,, 1193, ,, 1201, ,, 1213, ,, 1217, ,, 1223, ,, 1229]
[,, 1171, ,, 1181, ,, 1187, ,, 1193, ,, 1201, ,, 1213, ,, 1217, ,, 1223, ,, 1229, ,, 1231]
[,, 1181, ,, 1187, ,, 1193, ,, 1201, ,, 1213, ,, 1217, ,, 1223, ,, 1229, ,, 1231, ,, 1237]
[,, 1187, ,, 1193, ,, 1201, ,, 1213, ,, 1217, ,, 1223, ,, 1229, ,, 1231, ,, 1237, ,, 1249]
[,, 1193, ,, 1201, ,, 1213, ,, 1217, ,, 1223, ,, 1229, ,, 1231, ,, 1237, ,, 1249, ,, 1259]
[,, 1201, ,, 1213, ,, 1217, ,, 1223, ,, 1229, ,, 1231, ,, 1237, ,, 1249, ,, 1259, ,, 1277]
[,, 1213, ,, 1217, ,, 1223, ,, 1229, ,, 1231, ,, 1237, ,, 1249, ,, 1259, ,, 1277, ,, 1279]
[,, 1217, ,, 1223, ,, 1229, ,, 1231, ,, 1237, ,, 1249, ,, 1259, ,, 1277, ,, 1279, ,, 1283]
[,, 1223, ,, 1229, ,, 1231, ,, 1237, ,, 1249, ,, 1259, ,, 1277, ,, 1279, ,, 1283, ,, 1289]
[,, 1229, ,, 1231, ,, 1237, ,, 1249, ,, 1259, ,, 1277, ,, 1279, ,, 1283, ,, 1289, ,, 1291]
[,, 1231, ,, 1237, ,, 1249, ,, 1259, ,, 1277, ,, 1279, ,, 1283, ,, 1289, ,, 1291, ,, 1297]
[,, 1237, ,, 1249, ,, 1259, ,, 1277, ,, 1279, ,, 1283, ,, 1289, ,, 1291, ,, 1297, ,, 1301]
[,, 1249, ,, 1259, ,, 1277, ,, 1279, ,, 1283, ,, 1289, ,, 1291, ,, 1297, ,, 1301, ,, 1303]
[,, 1259, ,, 1277, ,, 1279, ,, 1283, ,, 1289, ,, 1291, ,, 1297, ,, 1301, ,, 1303, ,, 1307]
[,, 1277, ,, 1279, ,, 1283, ,, 1289, ,, 1291, ,, 1297, ,, 1301, ,, 1303, ,, 1307, ,, 1319]
[,, 1279, ,, 1283, ,, 1289, ,, 1291, ,, 1297, ,, 1301, ,, 1303, ,, 1307, ,, 1319, ,, 1321]
[,, 1283, ,, 1289, ,, 1291, ,, 1297, ,, 1301, ,, 1303, ,, 1307, ,, 1319, ,, 1321, ,, 1327]
[,, 1289, ,, 1291, ,, 1297, ,, 1301, ,, 1303, ,, 1307, ,, 1319, ,, 1321, ,, 1327, ,, 1361]
[,, 1291, ,, 1297, ,, 1301, ,, 1303, ,, 1307, ,, 1319, ,, 1321, ,, 1327, ,, 1361, ,, 1367]
[,, 1297, ,, 1301, ,, 1303, ,, 1307, ,, 1319, ,, 1321, ,, 1327, ,, 1361, ,, 1367, ,, 1373]
[,, 1301, ,, 1303, ,, 1307, ,, 1319, ,, 1321, ,, 1327, ,, 1361, ,, 1367, ,, 1373, ,, 1381]
[,, 1303, ,, 1307, ,, 1319, ,, 1321, ,, 1327, ,, 1361, ,, 1367, ,, 1373, ,, 1381, ,, 1399]
[,, 1307, ,, 1319, ,, 1321, ,, 1327, ,, 1361, ,, 1367, ,, 1373, ,, 1381, ,, 1399, ,, 1409]
[,, 1319, ,, 1321, ,, 1327, ,, 1361, ,, 1367, ,, 1373, ,, 1381, ,, 1399, ,, 1409, ,, 1423]
[,, 1321, ,, 1327, ,, 1361, ,, 1367, ,, 1373, ,, 1381, ,, 1399, ,, 1409, ,, 1423, ,, 1427]
[,, 1327, ,, 1361, ,, 1367, ,, 1373, ,, 1381, ,, 1399, ,, 1409, ,, 1423, ,, 1427, ,, 1429]
[,, 1361, ,, 1367, ,, 1373, ,, 1381, ,, 1399, ,, 1409, ,, 1423, ,, 1427, ,, 1429, ,, 1433]
[,, 1367, ,, 1373, ,, 1381, ,, 1399, ,, 1409, ,, 1423, ,, 1427, ,, 1429, ,, 1433, ,, 1439]
[,, 1373, ,, 1381, ,, 1399, ,, 1409, ,, 1423, ,, 1427, ,, 1429, ,, 1433, ,, 1439, ,, 1447]
[,, 1381, ,, 1399, ,, 1409, ,, 1423, ,, 1427, ,, 1429, ,, 1433, ,, 1439, ,, 1447, ,, 1451]
[,, 1399, ,, 1409, ,, 1423, ,, 1427, ,, 1429, ,, 1433, ,, 1439, ,, 1447, ,, 1451, ,, 1453]
[,, 1409, ,, 1423, ,, 1427, ,, 1429, ,, 1433, ,, 1439, ,, 1447, ,, 1451, ,, 1453, ,, 1459]
[,, 1423, ,, 1427, ,, 1429, ,, 1433, ,, 1439, ,, 1447, ,, 1451, ,, 1453, ,, 1459, ,, 1471]
[,, 1427, ,, 1429, ,, 1433, ,, 1439, ,, 1447, ,, 1451, ,, 1453, ,, 1459, ,, 1471, ,, 1481]
[,, 1429, ,, 1433, ,, 1439, ,, 1447, ,, 1451, ,, 1453, ,, 1459, ,, 1471, ,, 1481, ,, 1483]
[,, 1433, ,, 1439, ,, 1447, ,, 1451, ,, 1453, ,, 1459, ,, 1471, ,, 1481, ,, 1483, ,, 1487]
[,, 1439, ,, 1447, ,, 1451, ,, 1453, ,, 1459, ,, 1471, ,, 1481, ,, 1483, ,, 1487, ,, 1489]
[,, 1447, ,, 1451, ,, 1453, ,, 1459, ,, 1471, ,, 1481, ,, 1483, ,, 1487, ,, 1489, ,, 1493]
[,, 1451, ,, 1453, ,, 1459, ,, 1471, ,, 1481, ,, 1483, ,, 1487, ,, 1489, ,, 1493, ,, 1499]
[,, 1453, ,, 1459, ,, 1471, ,, 1481, ,, 1483, ,, 1487, ,, 1489, ,, 1493, ,, 1499, ,, 1511]
[,, 1459, ,, 1471, ,, 1481, ,, 1483, ,, 1487, ,, 1489, ,, 1493, ,, 1499, ,, 1511, ,, 1523]
[,, 1471, ,, 1481, ,, 1483, ,, 1487, ,, 1489, ,, 1493, ,, 1499, ,, 1511, ,, 1523, ,, 1531]
[,, 1481, ,, 1483, ,, 1487, ,, 1489, ,, 1493, ,, 1499, ,, 1511, ,, 1523, ,, 1531, ,, 1543]
[,, 1483, ,, 1487, ,, 1489, ,, 1493, ,, 1499, ,, 1511, ,, 1523, ,, 1531, ,, 1543, ,, 1549]
[,, 1487, ,, 1489, ,, 1493, ,, 1499, ,, 1511, ,, 1523, ,, 1531, ,, 1543, ,, 1549, ,, 1553]
[,, 1489, ,, 1493, ,, 1499, ,, 1511, ,, 1523, ,, 1531, ,, 1543, ,, 1549, ,, 1553, ,, 1559]
[,, 1493, ,, 1499, ,, 1511, ,, 1523, ,, 1531, ,, 1543, ,, 1549, ,, 1553, ,, 1559, ,, 1567]
[,, 1499, ,, 1511, ,, 1523, ,, 1531, ,, 1543, ,, 1549, ,, 1553, ,, 1559, ,, 1567, ,, 1571]
[,, 1511, ,, 1523, ,, 1531, ,, 1543, ,, 1549, ,, 1553, ,, 1559, ,, 1567, ,, 1571, ,, 1579]
[,, 1523, ,, 1531, ,, 1543, ,, 1549, ,, 1553, ,, 1559, ,, 1567, ,, 1571, ,, 1579, ,, 1583]
[,, 1531, ,, 1543, ,, 1549, ,, 1553, ,, 1559, ,, 1567, ,, 1571, ,, 1579, ,, 1583, ,, 1597]
[,, 1543, ,, 1549, ,, 1553, ,, 1559, ,, 1567, ,, 1571, ,, 1579, ,, 1583, ,, 1597, ,, 1601]
[,, 1549, ,, 1553, ,, 1559, ,, 1567, ,, 1571, ,, 1579, ,, 1583, ,, 1597, ,, 1601, ,, 1607]
[,, 1553, ,, 1559, ,, 1567, ,, 1571, ,, 1579, ,, 1583, ,, 1597, ,, 1601, ,, 1607, ,, 1609]
[,, 1559, ,, 1567, ,, 1571, ,, 1579, ,, 1583, ,, 1597, ,, 1601, ,, 1607, ,, 1609, ,, 1613]
[,, 1567, ,, 1571, ,, 1579, ,, 1583, ,, 1597, ,, 1601, ,, 1607, ,, 1609, ,, 1613, ,, 1619]
[,, 1571, ,, 1579, ,, 1583, ,, 1597, ,, 1601, ,, 1607, ,, 1609, ,, 1613, ,, 1619, ,, 1621]
[,, 1579, ,, 1583, ,, 1597, ,, 1601, ,, 1607, ,, 1609, ,, 1613, ,, 1619, ,, 1621, ,, 1627]
[,, 1583, ,, 1597, ,, 1601, ,, 1607, ,, 1609, ,, 1613, ,, 1619, ,, 1621, ,, 1627, ,, 1637]
[,, 1597, ,, 1601, ,, 1607, ,, 1609, ,, 1613, ,, 1619, ,, 1621, ,, 1627, ,, 1637, ,, 1657]
[,, 1601, ,, 1607, ,, 1609, ,, 1613, ,, 1619, ,, 1621, ,, 1627, ,, 1637, ,, 1657, ,, 1663]
[,, 1607, ,, 1609, ,, 1613, ,, 1619, ,, 1621, ,, 1627, ,, 1637, ,, 1657, ,, 1663, ,, 1667]
[,, 1609, ,, 1613, ,, 1619, ,, 1621, ,, 1627, ,, 1637, ,, 1657, ,, 1663, ,, 1667, ,, 1669]
[,, 1613, ,, 1619, ,, 1621, ,, 1627, ,, 1637, ,, 1657, ,, 1663, ,, 1667, ,, 1669, ,, 1693]
[,, 1619, ,, 1621, ,, 1627, ,, 1637, ,, 1657, ,, 1663, ,, 1667, ,, 1669, ,, 1693, ,, 1697]
[,, 1621, ,, 1627, ,, 1637, ,, 1657, ,, 1663, ,, 1667, ,, 1669, ,, 1693, ,, 1697, ,, 1699]
[,, 1627, ,, 1637, ,, 1657, ,, 1663, ,, 1667, ,, 1669, ,, 1693, ,, 1697, ,, 1699, ,, 1709]
[,, 1637, ,, 1657, ,, 1663, ,, 1667, ,, 1669, ,, 1693, ,, 1697, ,, 1699, ,, 1709, ,, 1721]
[,, 1657, ,, 1663, ,, 1667, ,, 1669, ,, 1693, ,, 1697, ,, 1699, ,, 1709, ,, 1721, ,, 1723]
[,, 1663, ,, 1667, ,, 1669, ,, 1693, ,, 1697, ,, 1699, ,, 1709, ,, 1721, ,, 1723, ,, 1733]
[,, 1667, ,, 1669, ,, 1693, ,, 1697, ,, 1699, ,, 1709, ,, 1721, ,, 1723, ,, 1733, ,, 1741]
[,, 1669, ,, 1693, ,, 1697, ,, 1699, ,, 1709, ,, 1721, ,, 1723, ,, 1733, ,, 1741, ,, 1747]
[,, 1693, ,, 1697, ,, 1699, ,, 1709, ,, 1721, ,, 1723, ,, 1733, ,, 1741, ,, 1747, ,, 1753]
[,, 1697, ,, 1699, ,, 1709, ,, 1721, ,, 1723, ,, 1733, ,, 1741, ,, 1747, ,, 1753, ,, 1759]
[,, 1699, ,, 1709, ,, 1721, ,, 1723, ,, 1733, ,, 1741, ,, 1747, ,, 1753, ,, 1759, ,, 1777]
[,, 1709, ,, 1721, ,, 1723, ,, 1733, ,, 1741, ,, 1747, ,, 1753, ,, 1759, ,, 1777, ,, 1783]
[,, 1721, ,, 1723, ,, 1733, ,, 1741, ,, 1747, ,, 1753, ,, 1759, ,, 1777, ,, 1783, ,, 1787]
[,, 1723, ,, 1733, ,, 1741, ,, 1747, ,, 1753, ,, 1759, ,, 1777, ,, 1783, ,, 1787, ,, 1789]
[,, 1733, ,, 1741, ,, 1747, ,, 1753, ,, 1759, ,, 1777, ,, 1783, ,, 1787, ,, 1789, ,, 1801]
[,, 1741, ,, 1747, ,, 1753, ,, 1759, ,, 1777, ,, 1783, ,, 1787, ,, 1789, ,, 1801, ,, 1811]
[,, 1747, ,, 1753, ,, 1759, ,, 1777, ,, 1783, ,, 1787, ,, 1789, ,, 1801, ,, 1811, ,, 1823]
[,, 1753, ,, 1759, ,, 1777, ,, 1783, ,, 1787, ,, 1789, ,, 1801, ,, 1811, ,, 1823, ,, 1831]
[,, 1759, ,, 1777, ,, 1783, ,, 1787, ,, 1789, ,, 1801, ,, 1811, ,, 1823, ,, 1831, ,, 1847]
[,, 1777, ,, 1783, ,, 1787, ,, 1789, ,, 1801, ,, 1811, ,, 1823, ,, 1831, ,, 1847, ,, 1861]
[,, 1783, ,, 1787, ,, 1789, ,, 1801, ,, 1811, ,, 1823, ,, 1831, ,, 1847, ,, 1861, ,, 1867]
[,, 1787, ,, 1789, ,, 1801, ,, 1811, ,, 1823, ,, 1831, ,, 1847, ,, 1861, ,, 1867, ,, 1871]
[,, 1789, ,, 1801, ,, 1811, ,, 1823, ,, 1831, ,, 1847, ,, 1861, ,, 1867, ,, 1871, ,, 1873]
[,, 1801, ,, 1811, ,, 1823, ,, 1831, ,, 1847, ,, 1861, ,, 1867, ,, 1871, ,, 1873, ,, 1877]
[,, 1811, ,, 1823, ,, 1831, ,, 1847, ,, 1861, ,, 1867, ,, 1871, ,, 1873, ,, 1877, ,, 1879]
[,, 1823, ,, 1831, ,, 1847, ,, 1861, ,, 1867, ,, 1871, ,, 1873, ,, 1877, ,, 1879, ,, 1889]
[,, 1831, ,, 1847, ,, 1861, ,, 1867, ,, 1871, ,, 1873, ,, 1877, ,, 1879, ,, 1889, ,, 1901]
[,, 1847, ,, 1861, ,, 1867, ,, 1871, ,, 1873, ,, 1877, ,, 1879, ,, 1889, ,, 1901, ,, 1907]
[,, 1861, ,, 1867, ,, 1871, ,, 1873, ,, 1877, ,, 1879, ,, 1889, ,, 1901, ,, 1907, ,, 1913]
[,, 1867, ,, 1871, ,, 1873, ,, 1877, ,, 1879, ,, 1889, ,, 1901, ,, 1907, ,, 1913, ,, 1931]
[,, 1871, ,, 1873, ,, 1877, ,, 1879, ,, 1889, ,, 1901, ,, 1907, ,, 1913, ,, 1931, ,, 1933]
[,, 1873, ,, 1877, ,, 1879, ,, 1889, ,, 1901, ,, 1907, ,, 1913, ,, 1931, ,, 1933, ,, 1949]
[,, 1877, ,, 1879, ,, 1889, ,, 1901, ,, 1907, ,, 1913, ,, 1931, ,, 1933, ,, 1949, ,, 1951]
[,, 1879, ,, 1889, ,, 1901, ,, 1907, ,, 1913, ,, 1931, ,, 1933, ,, 1949, ,, 1951, ,, 1973]
[,, 1889, ,, 1901, ,, 1907, ,, 1913, ,, 1931, ,, 1933, ,, 1949, ,, 1951, ,, 1973, ,, 1979]
[,, 1901, ,, 1907, ,, 1913, ,, 1931, ,, 1933, ,, 1949, ,, 1951, ,, 1973, ,, 1979, ,, 1987]
[,, 1907, ,, 1913, ,, 1931, ,, 1933, ,, 1949, ,, 1951, ,, 1973, ,, 1979, ,, 1987, ,, 1993]
[,, 1913, ,, 1931, ,, 1933, ,, 1949, ,, 1951, ,, 1973, ,, 1979, ,, 1987, ,, 1993, ,, 1997]
[,, 1931, ,, 1933, ,, 1949, ,, 1951, ,, 1973, ,, 1979, ,, 1987, ,, 1993, ,, 1997, ,, 1999]
[,, 1933, ,, 1949, ,, 1951, ,, 1973, ,, 1979, ,, 1987, ,, 1993, ,, 1997, ,, 1999, ,, 2003]
[,, 1949, ,, 1951, ,, 1973, ,, 1979, ,, 1987, ,, 1993, ,, 1997, ,, 1999, ,, 2003, ,, 2011]
[,, 1951, ,, 1973, ,, 1979, ,, 1987, ,, 1993, ,, 1997, ,, 1999, ,, 2003, ,, 2011, ,, 2017]
[,, 1973, ,, 1979, ,, 1987, ,, 1993, ,, 1997, ,, 1999, ,, 2003, ,, 2011, ,, 2017, ,, 2027]
[,, 1979, ,, 1987, ,, 1993, ,, 1997, ,, 1999, ,, 2003, ,, 2011, ,, 2017, ,, 2027, ,, 2029]
[,, 1987, ,, 1993, ,, 1997, ,, 1999, ,, 2003, ,, 2011, ,, 2017, ,, 2027, ,, 2029, ,, 2039]
[,, 1993, ,, 1997, ,, 1999, ,, 2003, ,, 2011, ,, 2017, ,, 2027, ,, 2029, ,, 2039, ,, 2053]
[,, 1997, ,, 1999, ,, 2003, ,, 2011, ,, 2017, ,, 2027, ,, 2029, ,, 2039, ,, 2053, ,, 2063]
[,, 1999, ,, 2003, ,, 2011, ,, 2017, ,, 2027, ,, 2029, ,, 2039, ,, 2053, ,, 2063, ,, 2069]
[,, 2003, ,, 2011, ,, 2017, ,, 2027, ,, 2029, ,, 2039, ,, 2053, ,, 2063, ,, 2069, ,, 2081]
[,, 2011, ,, 2017, ,, 2027, ,, 2029, ,, 2039, ,, 2053, ,, 2063, ,, 2069, ,, 2081, ,, 2083]
[,, 2017, ,, 2027, ,, 2029, ,, 2039, ,, 2053, ,, 2063, ,, 2069, ,, 2081, ,, 2083, ,, 2087]
[,, 2027, ,, 2029, ,, 2039, ,, 2053, ,, 2063, ,, 2069, ,, 2081, ,, 2083, ,, 2087, ,, 2089]
[,, 2029, ,, 2039, ,, 2053, ,, 2063, ,, 2069, ,, 2081, ,, 2083, ,, 2087, ,, 2089, ,, 2099]
[,, 2039, ,, 2053, ,, 2063, ,, 2069, ,, 2081, ,, 2083, ,, 2087, ,, 2089, ,, 2099, ,, 2111]
[,, 2053, ,, 2063, ,, 2069, ,, 2081, ,, 2083, ,, 2087, ,, 2089, ,, 2099, ,, 2111, ,, 2113]
[,, 2063, ,, 2069, ,, 2081, ,, 2083, ,, 2087, ,, 2089, ,, 2099, ,, 2111, ,, 2113, ,, 2129]
[,, 2069, ,, 2081, ,, 2083, ,, 2087, ,, 2089, ,, 2099, ,, 2111, ,, 2113, ,, 2129, ,, 2131]
[,, 2081, ,, 2083, ,, 2087, ,, 2089, ,, 2099, ,, 2111, ,, 2113, ,, 2129, ,, 2131, ,, 2137]
[,, 2083, ,, 2087, ,, 2089, ,, 2099, ,, 2111, ,, 2113, ,, 2129, ,, 2131, ,, 2137, ,, 2141]
[,, 2087, ,, 2089, ,, 2099, ,, 2111, ,, 2113, ,, 2129, ,, 2131, ,, 2137, ,, 2141, ,, 2143]
[,, 2089, ,, 2099, ,, 2111, ,, 2113, ,, 2129, ,, 2131, ,, 2137, ,, 2141, ,, 2143, ,, 2153]
[,, 2099, ,, 2111, ,, 2113, ,, 2129, ,, 2131, ,, 2137, ,, 2141, ,, 2143, ,, 2153, ,, 2161]
[,, 2111, ,, 2113, ,, 2129, ,, 2131, ,, 2137, ,, 2141, ,, 2143, ,, 2153, ,, 2161, ,, 2179]
[,, 2113, ,, 2129, ,, 2131, ,, 2137, ,, 2141, ,, 2143, ,, 2153, ,, 2161, ,, 2179, ,, 2203]
[,, 2129, ,, 2131, ,, 2137, ,, 2141, ,, 2143, ,, 2153, ,, 2161, ,, 2179, ,, 2203, ,, 2207]
[,, 2131, ,, 2137, ,, 2141, ,, 2143, ,, 2153, ,, 2161, ,, 2179, ,, 2203, ,, 2207, ,, 2213]
[,, 2137, ,, 2141, ,, 2143, ,, 2153, ,, 2161, ,, 2179, ,, 2203, ,, 2207, ,, 2213, ,, 2221]
[,, 2141, ,, 2143, ,, 2153, ,, 2161, ,, 2179, ,, 2203, ,, 2207, ,, 2213, ,, 2221, ,, 2237]
[,, 2143, ,, 2153, ,, 2161, ,, 2179, ,, 2203, ,, 2207, ,, 2213, ,, 2221, ,, 2237, ,, 2239]
[,, 2153, ,, 2161, ,, 2179, ,, 2203, ,, 2207, ,, 2213, ,, 2221, ,, 2237, ,, 2239, ,, 2243]
[,, 2161, ,, 2179, ,, 2203, ,, 2207, ,, 2213, ,, 2221, ,, 2237, ,, 2239, ,, 2243, ,, 2251]
[,, 2179, ,, 2203, ,, 2207, ,, 2213, ,, 2221, ,, 2237, ,, 2239, ,, 2243, ,, 2251, ,, 2267]
[,, 2203, ,, 2207, ,, 2213, ,, 2221, ,, 2237, ,, 2239, ,, 2243, ,, 2251, ,, 2267, ,, 2269]
[,, 2207, ,, 2213, ,, 2221, ,, 2237, ,, 2239, ,, 2243, ,, 2251, ,, 2267, ,, 2269, ,, 2273]
[,, 2213, ,, 2221, ,, 2237, ,, 2239, ,, 2243, ,, 2251, ,, 2267, ,, 2269, ,, 2273, ,, 2281]
[,, 2221, ,, 2237, ,, 2239, ,, 2243, ,, 2251, ,, 2267, ,, 2269, ,, 2273, ,, 2281, ,, 2287]
[,, 2237, ,, 2239, ,, 2243, ,, 2251, ,, 2267, ,, 2269, ,, 2273, ,, 2281, ,, 2287, ,, 2293]
[,, 2239, ,, 2243, ,, 2251, ,, 2267, ,, 2269, ,, 2273, ,, 2281, ,, 2287, ,, 2293, ,, 2297]
[,, 2243, ,, 2251, ,, 2267, ,, 2269, ,, 2273, ,, 2281, ,, 2287, ,, 2293, ,, 2297, ,, 2309]
[,, 2251, ,, 2267, ,, 2269, ,, 2273, ,, 2281, ,, 2287, ,, 2293, ,, 2297, ,, 2309, ,, 2311]
[,, 2267, ,, 2269, ,, 2273, ,, 2281, ,, 2287, ,, 2293, ,, 2297, ,, 2309, ,, 2311, ,, 2333]
[,, 2269, ,, 2273, ,, 2281, ,, 2287, ,, 2293, ,, 2297, ,, 2309, ,, 2311, ,, 2333, ,, 2339]
[,, 2273, ,, 2281, ,, 2287, ,, 2293, ,, 2297, ,, 2309, ,, 2311, ,, 2333, ,, 2339, ,, 2341]
[,, 2281, ,, 2287, ,, 2293, ,, 2297, ,, 2309, ,, 2311, ,, 2333, ,, 2339, ,, 2341, ,, 2347]
[,, 2287, ,, 2293, ,, 2297, ,, 2309, ,, 2311, ,, 2333, ,, 2339, ,, 2341, ,, 2347, ,, 2351]
[,, 2293, ,, 2297, ,, 2309, ,, 2311, ,, 2333, ,, 2339, ,, 2341, ,, 2347, ,, 2351, ,, 2357]
[,, 2297, ,, 2309, ,, 2311, ,, 2333, ,, 2339, ,, 2341, ,, 2347, ,, 2351, ,, 2357, ,, 2371]
[,, 2309, ,, 2311, ,, 2333, ,, 2339, ,, 2341, ,, 2347, ,, 2351, ,, 2357, ,, 2371, ,, 2377]
[,, 2311, ,, 2333, ,, 2339, ,, 2341, ,, 2347, ,, 2351, ,, 2357, ,, 2371, ,, 2377, ,, 2381]
[,, 2333, ,, 2339, ,, 2341, ,, 2347, ,, 2351, ,, 2357, ,, 2371, ,, 2377, ,, 2381, ,, 2383]
[,, 2339, ,, 2341, ,, 2347, ,, 2351, ,, 2357, ,, 2371, ,, 2377, ,, 2381, ,, 2383, ,, 2389]
[,, 2341, ,, 2347, ,, 2351, ,, 2357, ,, 2371, ,, 2377, ,, 2381, ,, 2383, ,, 2389, ,, 2393]
[,, 2347, ,, 2351, ,, 2357, ,, 2371, ,, 2377, ,, 2381, ,, 2383, ,, 2389, ,, 2393, ,, 2399]
[,, 2351, ,, 2357, ,, 2371, ,, 2377, ,, 2381, ,, 2383, ,, 2389, ,, 2393, ,, 2399, ,, 2411]
[,, 2357, ,, 2371, ,, 2377, ,, 2381, ,, 2383, ,, 2389, ,, 2393, ,, 2399, ,, 2411, ,, 2417]
[,, 2371, ,, 2377, ,, 2381, ,, 2383, ,, 2389, ,, 2393, ,, 2399, ,, 2411, ,, 2417, ,, 2423]
[,, 2377, ,, 2381, ,, 2383, ,, 2389, ,, 2393, ,, 2399, ,, 2411, ,, 2417, ,, 2423, ,, 2437]
[,, 2381, ,, 2383, ,, 2389, ,, 2393, ,, 2399, ,, 2411, ,, 2417, ,, 2423, ,, 2437, ,, 2441]
[,, 2383, ,, 2389, ,, 2393, ,, 2399, ,, 2411, ,, 2417, ,, 2423, ,, 2437, ,, 2441, ,, 2447]
[,, 2389, ,, 2393, ,, 2399, ,, 2411, ,, 2417, ,, 2423, ,, 2437, ,, 2441, ,, 2447, ,, 2459]
[,, 2393, ,, 2399, ,, 2411, ,, 2417, ,, 2423, ,, 2437, ,, 2441, ,, 2447, ,, 2459, ,, 2467]
[,, 2399, ,, 2411, ,, 2417, ,, 2423, ,, 2437, ,, 2441, ,, 2447, ,, 2459, ,, 2467, ,, 2473]
[,, 2411, ,, 2417, ,, 2423, ,, 2437, ,, 2441, ,, 2447, ,, 2459, ,, 2467, ,, 2473, ,, 2477]
[,, 2417, ,, 2423, ,, 2437, ,, 2441, ,, 2447, ,, 2459, ,, 2467, ,, 2473, ,, 2477, ,, 2503]
[,, 2423, ,, 2437, ,, 2441, ,, 2447, ,, 2459, ,, 2467, ,, 2473, ,, 2477, ,, 2503, ,, 2521]
[,, 2437, ,, 2441, ,, 2447, ,, 2459, ,, 2467, ,, 2473, ,, 2477, ,, 2503, ,, 2521, ,, 2531]
[,, 2441, ,, 2447, ,, 2459, ,, 2467, ,, 2473, ,, 2477, ,, 2503, ,, 2521, ,, 2531, ,, 2539]
[,, 2447, ,, 2459, ,, 2467, ,, 2473, ,, 2477, ,, 2503, ,, 2521, ,, 2531, ,, 2539, ,, 2543]
[,, 2459, ,, 2467, ,, 2473, ,, 2477, ,, 2503, ,, 2521, ,, 2531, ,, 2539, ,, 2543, ,, 2549]
[,, 2467, ,, 2473, ,, 2477, ,, 2503, ,, 2521, ,, 2531, ,, 2539, ,, 2543, ,, 2549, ,, 2551]
[,, 2473, ,, 2477, ,, 2503, ,, 2521, ,, 2531, ,, 2539, ,, 2543, ,, 2549, ,, 2551, ,, 2557]
[,, 2477, ,, 2503, ,, 2521, ,, 2531, ,, 2539, ,, 2543, ,, 2549, ,, 2551, ,, 2557, ,, 2579]
[,, 2503, ,, 2521, ,, 2531, ,, 2539, ,, 2543, ,, 2549, ,, 2551, ,, 2557, ,, 2579, ,, 2591]
[,, 2521, ,, 2531, ,, 2539, ,, 2543, ,, 2549, ,, 2551, ,, 2557, ,, 2579, ,, 2591, ,, 2593]
[,, 2531, ,, 2539, ,, 2543, ,, 2549, ,, 2551, ,, 2557, ,, 2579, ,, 2591, ,, 2593, ,, 2609]
[,, 2539, ,, 2543, ,, 2549, ,, 2551, ,, 2557, ,, 2579, ,, 2591, ,, 2593, ,, 2609, ,, 2617]
[,, 2543, ,, 2549, ,, 2551, ,, 2557, ,, 2579, ,, 2591, ,, 2593, ,, 2609, ,, 2617, ,, 2621]
[,, 2549, ,, 2551, ,, 2557, ,, 2579, ,, 2591, ,, 2593, ,, 2609, ,, 2617, ,, 2621, ,, 2633]
[,, 2551, ,, 2557, ,, 2579, ,, 2591, ,, 2593, ,, 2609, ,, 2617, ,, 2621, ,, 2633, ,, 2647]
[,, 2557, ,, 2579, ,, 2591, ,, 2593, ,, 2609, ,, 2617, ,, 2621, ,, 2633, ,, 2647, ,, 2657]
[,, 2579, ,, 2591, ,, 2593, ,, 2609, ,, 2617, ,, 2621, ,, 2633, ,, 2647, ,, 2657, ,, 2659]
[,, 2591, ,, 2593, ,, 2609, ,, 2617, ,, 2621, ,, 2633, ,, 2647, ,, 2657, ,, 2659, ,, 2663]
[,, 2593, ,, 2609, ,, 2617, ,, 2621, ,, 2633, ,, 2647, ,, 2657, ,, 2659, ,, 2663, ,, 2671]
[,, 2609, ,, 2617, ,, 2621, ,, 2633, ,, 2647, ,, 2657, ,, 2659, ,, 2663, ,, 2671, ,, 2677]
[,, 2617, ,, 2621, ,, 2633, ,, 2647, ,, 2657, ,, 2659, ,, 2663, ,, 2671, ,, 2677, ,, 2683]
[,, 2621, ,, 2633, ,, 2647, ,, 2657, ,, 2659, ,, 2663, ,, 2671, ,, 2677, ,, 2683, ,, 2687]
[,, 2633, ,, 2647, ,, 2657, ,, 2659, ,, 2663, ,, 2671, ,, 2677, ,, 2683, ,, 2687, ,, 2689]
[,, 2647, ,, 2657, ,, 2659, ,, 2663, ,, 2671, ,, 2677, ,, 2683, ,, 2687, ,, 2689, ,, 2693]
[,, 2657, ,, 2659, ,, 2663, ,, 2671, ,, 2677, ,, 2683, ,, 2687, ,, 2689, ,, 2693, ,, 2699]
[,, 2659, ,, 2663, ,, 2671, ,, 2677, ,, 2683, ,, 2687, ,, 2689, ,, 2693, ,, 2699, ,, 2707]
[,, 2663, ,, 2671, ,, 2677, ,, 2683, ,, 2687, ,, 2689, ,, 2693, ,, 2699, ,, 2707, ,, 2711]
[,, 2671, ,, 2677, ,, 2683, ,, 2687, ,, 2689, ,, 2693, ,, 2699, ,, 2707, ,, 2711, ,, 2713]
[,, 2677, ,, 2683, ,, 2687, ,, 2689, ,, 2693, ,, 2699, ,, 2707, ,, 2711, ,, 2713, ,, 2719]
[,, 2683, ,, 2687, ,, 2689, ,, 2693, ,, 2699, ,, 2707, ,, 2711, ,, 2713, ,, 2719, ,, 2729]
[,, 2687, ,, 2689, ,, 2693, ,, 2699, ,, 2707, ,, 2711, ,, 2713, ,, 2719, ,, 2729, ,, 2731]
[,, 2689, ,, 2693, ,, 2699, ,, 2707, ,, 2711, ,, 2713, ,, 2719, ,, 2729, ,, 2731, ,, 2741]
[,, 2693, ,, 2699, ,, 2707, ,, 2711, ,, 2713, ,, 2719, ,, 2729, ,, 2731, ,, 2741, ,, 2749]
[,, 2699, ,, 2707, ,, 2711, ,, 2713, ,, 2719, ,, 2729, ,, 2731, ,, 2741, ,, 2749, ,, 2753]
[,, 2707, ,, 2711, ,, 2713, ,, 2719, ,, 2729, ,, 2731, ,, 2741, ,, 2749, ,, 2753, ,, 2767]
[,, 2711, ,, 2713, ,, 2719, ,, 2729, ,, 2731, ,, 2741, ,, 2749, ,, 2753, ,, 2767, ,, 2777]
[,, 2713, ,, 2719, ,, 2729, ,, 2731, ,, 2741, ,, 2749, ,, 2753, ,, 2767, ,, 2777, ,, 2789]
[,, 2719, ,, 2729, ,, 2731, ,, 2741, ,, 2749, ,, 2753, ,, 2767, ,, 2777, ,, 2789, ,, 2791]
[,, 2729, ,, 2731, ,, 2741, ,, 2749, ,, 2753, ,, 2767, ,, 2777, ,, 2789, ,, 2791, ,, 2797]
[,, 2731, ,, 2741, ,, 2749, ,, 2753, ,, 2767, ,, 2777, ,, 2789, ,, 2791, ,, 2797, ,, 2801]
[,, 2741, ,, 2749, ,, 2753, ,, 2767, ,, 2777, ,, 2789, ,, 2791, ,, 2797, ,, 2801, ,, 2803]
[,, 2749, ,, 2753, ,, 2767, ,, 2777, ,, 2789, ,, 2791, ,, 2797, ,, 2801, ,, 2803, ,, 2819]
[,, 2753, ,, 2767, ,, 2777, ,, 2789, ,, 2791, ,, 2797, ,, 2801, ,, 2803, ,, 2819, ,, 2833]
[,, 2767, ,, 2777, ,, 2789, ,, 2791, ,, 2797, ,, 2801, ,, 2803, ,, 2819, ,, 2833, ,, 2837]
[,, 2777, ,, 2789, ,, 2791, ,, 2797, ,, 2801, ,, 2803, ,, 2819, ,, 2833, ,, 2837, ,, 2843]
[,, 2789, ,, 2791, ,, 2797, ,, 2801, ,, 2803, ,, 2819, ,, 2833, ,, 2837, ,, 2843, ,, 2851]
[,, 2791, ,, 2797, ,, 2801, ,, 2803, ,, 2819, ,, 2833, ,, 2837, ,, 2843, ,, 2851, ,, 2857]
[,, 2797, ,, 2801, ,, 2803, ,, 2819, ,, 2833, ,, 2837, ,, 2843, ,, 2851, ,, 2857, ,, 2861]
[,, 2801, ,, 2803, ,, 2819, ,, 2833, ,, 2837, ,, 2843, ,, 2851, ,, 2857, ,, 2861, ,, 2879]
[,, 2803, ,, 2819, ,, 2833, ,, 2837, ,, 2843, ,, 2851, ,, 2857, ,, 2861, ,, 2879, ,, 2887]
[,, 2819, ,, 2833, ,, 2837, ,, 2843, ,, 2851, ,, 2857, ,, 2861, ,, 2879, ,, 2887, ,, 2897]
[,, 2833, ,, 2837, ,, 2843, ,, 2851, ,, 2857, ,, 2861, ,, 2879, ,, 2887, ,, 2897, ,, 2903]
[,, 2837, ,, 2843, ,, 2851, ,, 2857, ,, 2861, ,, 2879, ,, 2887, ,, 2897, ,, 2903, ,, 2909]
[,, 2843, ,, 2851, ,, 2857, ,, 2861, ,, 2879, ,, 2887, ,, 2897, ,, 2903, ,, 2909, ,, 2917]
[,, 2851, ,, 2857, ,, 2861, ,, 2879, ,, 2887, ,, 2897, ,, 2903, ,, 2909, ,, 2917, ,, 2927]
[,, 2857, ,, 2861, ,, 2879, ,, 2887, ,, 2897, ,, 2903, ,, 2909, ,, 2917, ,, 2927, ,, 2939]
[,, 2861, ,, 2879, ,, 2887, ,, 2897, ,, 2903, ,, 2909, ,, 2917, ,, 2927, ,, 2939, ,, 2953]
[,, 2879, ,, 2887, ,, 2897, ,, 2903, ,, 2909, ,, 2917, ,, 2927, ,, 2939, ,, 2953, ,, 2957]
[,, 2887, ,, 2897, ,, 2903, ,, 2909, ,, 2917, ,, 2927, ,, 2939, ,, 2953, ,, 2957, ,, 2963]
[,, 2897, ,, 2903, ,, 2909, ,, 2917, ,, 2927, ,, 2939, ,, 2953, ,, 2957, ,, 2963, ,, 2969]
[,, 2903, ,, 2909, ,, 2917, ,, 2927, ,, 2939, ,, 2953, ,, 2957, ,, 2963, ,, 2969, ,, 2971]
[,, 2909, ,, 2917, ,, 2927, ,, 2939, ,, 2953, ,, 2957, ,, 2963, ,, 2969, ,, 2971, ,, 2999]
[,, 2917, ,, 2927, ,, 2939, ,, 2953, ,, 2957, ,, 2963, ,, 2969, ,, 2971, ,, 2999, ,, 3001]
[,, 2927, ,, 2939, ,, 2953, ,, 2957, ,, 2963, ,, 2969, ,, 2971, ,, 2999, ,, 3001, ,, 3011]
[,, 2939, ,, 2953, ,, 2957, ,, 2963, ,, 2969, ,, 2971, ,, 2999, ,, 3001, ,, 3011, ,, 3019]
[,, 2953, ,, 2957, ,, 2963, ,, 2969, ,, 2971, ,, 2999, ,, 3001, ,, 3011, ,, 3019, ,, 3023]
[,, 2957, ,, 2963, ,, 2969, ,, 2971, ,, 2999, ,, 3001, ,, 3011, ,, 3019, ,, 3023, ,, 3037]
[,, 2963, ,, 2969, ,, 2971, ,, 2999, ,, 3001, ,, 3011, ,, 3019, ,, 3023, ,, 3037, ,, 3041]
[,, 2969, ,, 2971, ,, 2999, ,, 3001, ,, 3011, ,, 3019, ,, 3023, ,, 3037, ,, 3041, ,, 3049]
[,, 2971, ,, 2999, ,, 3001, ,, 3011, ,, 3019, ,, 3023, ,, 3037, ,, 3041, ,, 3049, ,, 3061]
[,, 2999, ,, 3001, ,, 3011, ,, 3019, ,, 3023, ,, 3037, ,, 3041, ,, 3049, ,, 3061, ,, 3067]
[,, 3001, ,, 3011, ,, 3019, ,, 3023, ,, 3037, ,, 3041, ,, 3049, ,, 3061, ,, 3067, ,, 3079]
[,, 3011, ,, 3019, ,, 3023, ,, 3037, ,, 3041, ,, 3049, ,, 3061, ,, 3067, ,, 3079, ,, 3083]
[,, 3019, ,, 3023, ,, 3037, ,, 3041, ,, 3049, ,, 3061, ,, 3067, ,, 3079, ,, 3083, ,, 3089]
[,, 3023, ,, 3037, ,, 3041, ,, 3049, ,, 3061, ,, 3067, ,, 3079, ,, 3083, ,, 3089, ,, 3109]
[,, 3037, ,, 3041, ,, 3049, ,, 3061, ,, 3067, ,, 3079, ,, 3083, ,, 3089, ,, 3109, ,, 3119]
[,, 3041, ,, 3049, ,, 3061, ,, 3067, ,, 3079, ,, 3083, ,, 3089, ,, 3109, ,, 3119, ,, 3121]
[,, 3049, ,, 3061, ,, 3067, ,, 3079, ,, 3083, ,, 3089, ,, 3109, ,, 3119, ,, 3121, ,, 3137]
[,, 3061, ,, 3067, ,, 3079, ,, 3083, ,, 3089, ,, 3109, ,, 3119, ,, 3121, ,, 3137, ,, 3163]
[,, 3067, ,, 3079, ,, 3083, ,, 3089, ,, 3109, ,, 3119, ,, 3121, ,, 3137, ,, 3163, ,, 3167]
[,, 3079, ,, 3083, ,, 3089, ,, 3109, ,, 3119, ,, 3121, ,, 3137, ,, 3163, ,, 3167, ,, 3169]
[,, 3083, ,, 3089, ,, 3109, ,, 3119, ,, 3121, ,, 3137, ,, 3163, ,, 3167, ,, 3169, ,, 3181]
[,, 3089, ,, 3109, ,, 3119, ,, 3121, ,, 3137, ,, 3163, ,, 3167, ,, 3169, ,, 3181, ,, 3187]
[,, 3109, ,, 3119, ,, 3121, ,, 3137, ,, 3163, ,, 3167, ,, 3169, ,, 3181, ,, 3187, ,, 3191]
[,, 3119, ,, 3121, ,, 3137, ,, 3163, ,, 3167, ,, 3169, ,, 3181, ,, 3187, ,, 3191, ,, 3203]
[,, 3121, ,, 3137, ,, 3163, ,, 3167, ,, 3169, ,, 3181, ,, 3187, ,, 3191, ,, 3203, ,, 3209]
[,, 3137, ,, 3163, ,, 3167, ,, 3169, ,, 3181, ,, 3187, ,, 3191, ,, 3203, ,, 3209, ,, 3217]
[,, 3163, ,, 3167, ,, 3169, ,, 3181, ,, 3187, ,, 3191, ,, 3203, ,, 3209, ,, 3217, ,, 3221]
[,, 3167, ,, 3169, ,, 3181, ,, 3187, ,, 3191, ,, 3203, ,, 3209, ,, 3217, ,, 3221, ,, 3229]
[,, 3169, ,, 3181, ,, 3187, ,, 3191, ,, 3203, ,, 3209, ,, 3217, ,, 3221, ,, 3229, ,, 3251]
[,, 3181, ,, 3187, ,, 3191, ,, 3203, ,, 3209, ,, 3217, ,, 3221, ,, 3229, ,, 3251, ,, 3253]
[,, 3187, ,, 3191, ,, 3203, ,, 3209, ,, 3217, ,, 3221, ,, 3229, ,, 3251, ,, 3253, ,, 3257]
[,, 3191, ,, 3203, ,, 3209, ,, 3217, ,, 3221, ,, 3229, ,, 3251, ,, 3253, ,, 3257, ,, 3259]
[,, 3203, ,, 3209, ,, 3217, ,, 3221, ,, 3229, ,, 3251, ,, 3253, ,, 3257, ,, 3259, ,, 3271]
[,, 3209, ,, 3217, ,, 3221, ,, 3229, ,, 3251, ,, 3253, ,, 3257, ,, 3259, ,, 3271, ,, 3299]
[,, 3217, ,, 3221, ,, 3229, ,, 3251, ,, 3253, ,, 3257, ,, 3259, ,, 3271, ,, 3299, ,, 3301]
[,, 3221, ,, 3229, ,, 3251, ,, 3253, ,, 3257, ,, 3259, ,, 3271, ,, 3299, ,, 3301, ,, 3307]
[,, 3229, ,, 3251, ,, 3253, ,, 3257, ,, 3259, ,, 3271, ,, 3299, ,, 3301, ,, 3307, ,, 3313]
[,, 3251, ,, 3253, ,, 3257, ,, 3259, ,, 3271, ,, 3299, ,, 3301, ,, 3307, ,, 3313, ,, 3319]
[,, 3253, ,, 3257, ,, 3259, ,, 3271, ,, 3299, ,, 3301, ,, 3307, ,, 3313, ,, 3319, ,, 3323]
[,, 3257, ,, 3259, ,, 3271, ,, 3299, ,, 3301, ,, 3307, ,, 3313, ,, 3319, ,, 3323, ,, 3329]
[,, 3259, ,, 3271, ,, 3299, ,, 3301, ,, 3307, ,, 3313, ,, 3319, ,, 3323, ,, 3329, ,, 3331]
[,, 3271, ,, 3299, ,, 3301, ,, 3307, ,, 3313, ,, 3319, ,, 3323, ,, 3329, ,, 3331, ,, 3343]
[,, 3299, ,, 3301, ,, 3307, ,, 3313, ,, 3319, ,, 3323, ,, 3329, ,, 3331, ,, 3343, ,, 3347]
[,, 3301, ,, 3307, ,, 3313, ,, 3319, ,, 3323, ,, 3329, ,, 3331, ,, 3343, ,, 3347, ,, 3359]
[,, 3307, ,, 3313, ,, 3319, ,, 3323, ,, 3329, ,, 3331, ,, 3343, ,, 3347, ,, 3359, ,, 3361]
[,, 3313, ,, 3319, ,, 3323, ,, 3329, ,, 3331, ,, 3343, ,, 3347, ,, 3359, ,, 3361, ,, 3371]
[,, 3319, ,, 3323, ,, 3329, ,, 3331, ,, 3343, ,, 3347, ,, 3359, ,, 3361, ,, 3371, ,, 3373]
[,, 3323, ,, 3329, ,, 3331, ,, 3343, ,, 3347, ,, 3359, ,, 3361, ,, 3371, ,, 3373, ,, 3389]
[,, 3329, ,, 3331, ,, 3343, ,, 3347, ,, 3359, ,, 3361, ,, 3371, ,, 3373, ,, 3389, ,, 3391]
[,, 3331, ,, 3343, ,, 3347, ,, 3359, ,, 3361, ,, 3371, ,, 3373, ,, 3389, ,, 3391, ,, 3407]
[,, 3343, ,, 3347, ,, 3359, ,, 3361, ,, 3371, ,, 3373, ,, 3389, ,, 3391, ,, 3407, ,, 3413]
[,, 3347, ,, 3359, ,, 3361, ,, 3371, ,, 3373, ,, 3389, ,, 3391, ,, 3407, ,, 3413, ,, 3433]
[,, 3359, ,, 3361, ,, 3371, ,, 3373, ,, 3389, ,, 3391, ,, 3407, ,, 3413, ,, 3433, ,, 3449]
[,, 3361, ,, 3371, ,, 3373, ,, 3389, ,, 3391, ,, 3407, ,, 3413, ,, 3433, ,, 3449, ,, 3457]
[,, 3371, ,, 3373, ,, 3389, ,, 3391, ,, 3407, ,, 3413, ,, 3433, ,, 3449, ,, 3457, ,, 3461]
[,, 3373, ,, 3389, ,, 3391, ,, 3407, ,, 3413, ,, 3433, ,, 3449, ,, 3457, ,, 3461, ,, 3463]
[,, 3389, ,, 3391, ,, 3407, ,, 3413, ,, 3433, ,, 3449, ,, 3457, ,, 3461, ,, 3463, ,, 3467]
[,, 3391, ,, 3407, ,, 3413, ,, 3433, ,, 3449, ,, 3457, ,, 3461, ,, 3463, ,, 3467, ,, 3469]
[,, 3407, ,, 3413, ,, 3433, ,, 3449, ,, 3457, ,, 3461, ,, 3463, ,, 3467, ,, 3469, ,, 3491]
[,, 3413, ,, 3433, ,, 3449, ,, 3457, ,, 3461, ,, 3463, ,, 3467, ,, 3469, ,, 3491, ,, 3499]
[,, 3433, ,, 3449, ,, 3457, ,, 3461, ,, 3463, ,, 3467, ,, 3469, ,, 3491, ,, 3499, ,, 3511]
[,, 3449, ,, 3457, ,, 3461, ,, 3463, ,, 3467, ,, 3469, ,, 3491, ,, 3499, ,, 3511, ,, 3517]
[,, 3457, ,, 3461, ,, 3463, ,, 3467, ,, 3469, ,, 3491, ,, 3499, ,, 3511, ,, 3517, ,, 3527]
[,, 3461, ,, 3463, ,, 3467, ,, 3469, ,, 3491, ,, 3499, ,, 3511, ,, 3517, ,, 3527, ,, 3529]
[,, 3463, ,, 3467, ,, 3469, ,, 3491, ,, 3499, ,, 3511, ,, 3517, ,, 3527, ,, 3529, ,, 3533]
[,, 3467, ,, 3469, ,, 3491, ,, 3499, ,, 3511, ,, 3517, ,, 3527, ,, 3529, ,, 3533, ,, 3539]
[,, 3469, ,, 3491, ,, 3499, ,, 3511, ,, 3517, ,, 3527, ,, 3529, ,, 3533, ,, 3539, ,, 3541]
[,, 3491, ,, 3499, ,, 3511, ,, 3517, ,, 3527, ,, 3529, ,, 3533, ,, 3539, ,, 3541, ,, 3547]
[,, 3499, ,, 3511, ,, 3517, ,, 3527, ,, 3529, ,, 3533, ,, 3539, ,, 3541, ,, 3547, ,, 3557]
[,, 3511, ,, 3517, ,, 3527, ,, 3529, ,, 3533, ,, 3539, ,, 3541, ,, 3547, ,, 3557, ,, 3559]
[,, 3517, ,, 3527, ,, 3529, ,, 3533, ,, 3539, ,, 3541, ,, 3547, ,, 3557, ,, 3559, ,, 3571]
[,, 3527, ,, 3529, ,, 3533, ,, 3539, ,, 3541, ,, 3547, ,, 3557, ,, 3559, ,, 3571, ,, 3581]
[,, 3529, ,, 3533, ,, 3539, ,, 3541, ,, 3547, ,, 3557, ,, 3559, ,, 3571, ,, 3581, ,, 3583]
[,, 3533, ,, 3539, ,, 3541, ,, 3547, ,, 3557, ,, 3559, ,, 3571, ,, 3581, ,, 3583, ,, 3593]
[,, 3539, ,, 3541, ,, 3547, ,, 3557, ,, 3559, ,, 3571, ,, 3581, ,, 3583, ,, 3593, ,, 3607]
[,, 3541, ,, 3547, ,, 3557, ,, 3559, ,, 3571, ,, 3581, ,, 3583, ,, 3593, ,, 3607, ,, 3613]
[,, 3547, ,, 3557, ,, 3559, ,, 3571, ,, 3581, ,, 3583, ,, 3593, ,, 3607, ,, 3613, ,, 3617]
[,, 3557, ,, 3559, ,, 3571, ,, 3581, ,, 3583, ,, 3593, ,, 3607, ,, 3613, ,, 3617, ,, 3623]
[,, 3559, ,, 3571, ,, 3581, ,, 3583, ,, 3593, ,, 3607, ,, 3613, ,, 3617, ,, 3623, ,, 3631]
[,, 3571, ,, 3581, ,, 3583, ,, 3593, ,, 3607, ,, 3613, ,, 3617, ,, 3623, ,, 3631, ,, 3637]
[,, 3581, ,, 3583, ,, 3593, ,, 3607, ,, 3613, ,, 3617, ,, 3623, ,, 3631, ,, 3637, ,, 3643]
[,, 3583, ,, 3593, ,, 3607, ,, 3613, ,, 3617, ,, 3623, ,, 3631, ,, 3637, ,, 3643, ,, 3659]
[,, 3593, ,, 3607, ,, 3613, ,, 3617, ,, 3623, ,, 3631, ,, 3637, ,, 3643, ,, 3659, ,, 3671]
[,, 3607, ,, 3613, ,, 3617, ,, 3623, ,, 3631, ,, 3637, ,, 3643, ,, 3659, ,, 3671, }, ;]
[,, 3613, ,, 3617, ,, 3623, ,, 3631, ,, 3637, ,, 3643, ,, 3659, ,, 3671, }, ;, public, static]
[,, 3617, ,, 3623, ,, 3631, ,, 3637, ,, 3643, ,, 3659, ,, 3671, }, ;, public, static, final, int]
[,, 3623, ,, 3631, ,, 3637, ,, 3643, ,, 3659, ,, 3671, }, ;, public, static, final, int, PRIMES_LAST, =]
[,, 3631, ,, 3637, ,, 3643, ,, 3659, ,, 3671, }, ;, public, static, final, int, PRIMES_LAST, =, PRIMES, []
[,, 3637, ,, 3643, ,, 3659, ,, 3671, }, ;, public, static, final, int, PRIMES_LAST, =, PRIMES, [, PRIMES, .]
[,, 3643, ,, 3659, ,, 3671, }, ;, public, static, final, int, PRIMES_LAST, =, PRIMES, [, PRIMES, ., length, -]
[,, 3659, ,, 3671, }, ;, public, static, final, int, PRIMES_LAST, =, PRIMES, [, PRIMES, ., length, -, 1, ]]
[,, 3671, }, ;, public, static, final, int, PRIMES_LAST, =, PRIMES, [, PRIMES, ., length, -, 1, ], ;, private]
[}, ;, public, static, final, int, PRIMES_LAST, =, PRIMES, [, PRIMES, ., length, -, 1, ], ;, private, SmallPrimes, (]
[;, private, SmallPrimes, (, ), {, }, public, static, int, smallTrialDivision, (, int, n, ,, final, List, <, Integer, >]
[[, PRIMES, ., length, -, 1, ], ;, private, SmallPrimes, (, ), {, }, public, static, int, smallTrialDivision, (, int]
[], ;, private, SmallPrimes, (, ), {, }, public, static, int, smallTrialDivision, (, int, n, ,, final, List, <, Integer]
[-, 1, ], ;, private, SmallPrimes, (, ), {, }, public, static, int, smallTrialDivision, (, int, n, ,, final, List]
[., length, -, 1, ], ;, private, SmallPrimes, (, ), {, }, public, static, int, smallTrialDivision, (, int, n, ,]
[], ;, private, SmallPrimes, (, ), {, }, public, static, int, smallTrialDivision, (, int, n, ,, final, List, <, Integer]
[), {, while, (, 0, ==, n, %, p, ), {, n, =, n, /, p, ;, factors, ., add]
[), {, n, =, n, /, p, ;, factors, ., add, (, p, ), ;, }, }, return, n, ;]
[==, n, %, p, ), {, n, =, n, /, p, ;, factors, ., add, (, p, ), ;, }]
[), {, n, =, n, /, p, ;, factors, ., add, (, p, ), ;, }, }, return, n, ;]
[%, p, ), {, n, =, n, /, p, ;, factors, ., add, (, p, ), ;, }, }, return]
[), {, n, =, n, /, p, ;, factors, ., add, (, p, ), ;, }, }, return, n, ;]
[=, n, /, p, ;, factors, ., add, (, p, ), ;, }, }, return, n, ;, }, public, static]
[;, factors, ., add, (, p, ), ;, }, }, return, n, ;, }, public, static, int, boundedTrialDivision, (, int]
[/, p, ;, factors, ., add, (, p, ), ;, }, }, return, n, ;, }, public, static, int, boundedTrialDivision]
[;, factors, ., add, (, p, ), ;, }, }, return, n, ;, }, public, static, int, boundedTrialDivision, (, int]
[;, }, }, return, n, ;, }, public, static, int, boundedTrialDivision, (, int, n, ,, int, maxFactor, ,, List, <]
[., add, (, p, ), ;, }, }, return, n, ;, }, public, static, int, boundedTrialDivision, (, int, n, ,]
[), ;, }, }, return, n, ;, }, public, static, int, boundedTrialDivision, (, int, n, ,, int, maxFactor, ,, List]
[;, }, public, static, int, boundedTrialDivision, (, int, n, ,, int, maxFactor, ,, List, <, Integer, >, factors, ), {]
[;, while, (, f, <=, maxFactor, ), {, if, (, 0, ==, n, %, f, ), {, n, =, n]
[+, 2, ;, while, (, f, <=, maxFactor, ), {, if, (, 0, ==, n, %, f, ), {, n]
[;, while, (, f, <=, maxFactor, ), {, if, (, 0, ==, n, %, f, ), {, n, =, n]
[), {, if, (, 0, ==, n, %, f, ), {, n, =, n, /, f, ;, factors, ., add]
[<=, maxFactor, ), {, if, (, 0, ==, n, %, f, ), {, n, =, n, /, f, ;, factors]
[), {, if, (, 0, ==, n, %, f, ), {, n, =, n, /, f, ;, factors, ., add]
[), {, n, =, n, /, f, ;, factors, ., add, (, f, ), ;, break, ;, }, f, +=]
[==, n, %, f, ), {, n, =, n, /, f, ;, factors, ., add, (, f, ), ;, break]
[), {, n, =, n, /, f, ;, factors, ., add, (, f, ), ;, break, ;, }, f, +=]
[%, f, ), {, n, =, n, /, f, ;, factors, ., add, (, f, ), ;, break, ;, }]
[), {, n, =, n, /, f, ;, factors, ., add, (, f, ), ;, break, ;, }, f, +=]
[=, n, /, f, ;, factors, ., add, (, f, ), ;, break, ;, }, f, +=, 4, ;, if]
[;, factors, ., add, (, f, ), ;, break, ;, }, f, +=, 4, ;, if, (, 0, ==, n]
[/, f, ;, factors, ., add, (, f, ), ;, break, ;, }, f, +=, 4, ;, if, (, 0]
[;, factors, ., add, (, f, ), ;, break, ;, }, f, +=, 4, ;, if, (, 0, ==, n]
[;, break, ;, }, f, +=, 4, ;, if, (, 0, ==, n, %, f, ), {, n, =, n]
[., add, (, f, ), ;, break, ;, }, f, +=, 4, ;, if, (, 0, ==, n, %, f]
[), ;, break, ;, }, f, +=, 4, ;, if, (, 0, ==, n, %, f, ), {, n, =]
[+=, 4, ;, if, (, 0, ==, n, %, f, ), {, n, =, n, /, f, ;, factors, .]
[;, if, (, 0, ==, n, %, f, ), {, n, =, n, /, f, ;, factors, ., add, (]
[), {, n, =, n, /, f, ;, factors, ., add, (, f, ), ;, break, ;, }, f, +=]
[==, n, %, f, ), {, n, =, n, /, f, ;, factors, ., add, (, f, ), ;, break]
[), {, n, =, n, /, f, ;, factors, ., add, (, f, ), ;, break, ;, }, f, +=]
[%, f, ), {, n, =, n, /, f, ;, factors, ., add, (, f, ), ;, break, ;, }]
[), {, n, =, n, /, f, ;, factors, ., add, (, f, ), ;, break, ;, }, f, +=]
[=, n, /, f, ;, factors, ., add, (, f, ), ;, break, ;, }, f, +=, 2, ;, }]
[;, factors, ., add, (, f, ), ;, break, ;, }, f, +=, 2, ;, }, if, (, n, !=]
[/, f, ;, factors, ., add, (, f, ), ;, break, ;, }, f, +=, 2, ;, }, if, (]
[;, factors, ., add, (, f, ), ;, break, ;, }, f, +=, 2, ;, }, if, (, n, !=]
[;, break, ;, }, f, +=, 2, ;, }, if, (, n, !=, 1, ), {, factors, ., add, (]
[., add, (, f, ), ;, break, ;, }, f, +=, 2, ;, }, if, (, n, !=, 1, )]
[), ;, break, ;, }, f, +=, 2, ;, }, if, (, n, !=, 1, ), {, factors, ., add]
[+=, 2, ;, }, if, (, n, !=, 1, ), {, factors, ., add, (, n, ), ;, }, return]
[;, }, if, (, n, !=, 1, ), {, factors, ., add, (, n, ), ;, }, return, n, ;]
[), {, factors, ., add, (, n, ), ;, }, return, n, ;, }, public, static, List, <, Integer, >]
[!=, 1, ), {, factors, ., add, (, n, ), ;, }, return, n, ;, }, public, static, List, <]
[), {, factors, ., add, (, n, ), ;, }, return, n, ;, }, public, static, List, <, Integer, >]
[;, }, return, n, ;, }, public, static, List, <, Integer, >, trialDivision, (, int, n, ), {, final, List]
[., add, (, n, ), ;, }, return, n, ;, }, public, static, List, <, Integer, >, trialDivision, (, int]
[), ;, }, return, n, ;, }, public, static, List, <, Integer, >, trialDivision, (, int, n, ), {, final]
[;, }, public, static, List, <, Integer, >, trialDivision, (, int, n, ), {, final, List, <, Integer, >, factors]
[;, n, =, smallTrialDivision, (, n, ,, factors, ), ;, if, (, 1, ==, n, ), {, return, factors, ;]
[), ;, n, =, smallTrialDivision, (, n, ,, factors, ), ;, if, (, 1, ==, n, ), {, return, factors]
[=, smallTrialDivision, (, n, ,, factors, ), ;, if, (, 1, ==, n, ), {, return, factors, ;, }, final]
[;, if, (, 1, ==, n, ), {, return, factors, ;, }, final, int, bound, =, (, int, ), FastMath]
[,, factors, ), ;, if, (, 1, ==, n, ), {, return, factors, ;, }, final, int, bound, =, (]
[), ;, if, (, 1, ==, n, ), {, return, factors, ;, }, final, int, bound, =, (, int, )]
[), {, return, factors, ;, }, final, int, bound, =, (, int, ), FastMath, ., sqrt, (, n, ), ;]
[==, n, ), {, return, factors, ;, }, final, int, bound, =, (, int, ), FastMath, ., sqrt, (, n]
[), {, return, factors, ;, }, final, int, bound, =, (, int, ), FastMath, ., sqrt, (, n, ), ;]
[;, }, final, int, bound, =, (, int, ), FastMath, ., sqrt, (, n, ), ;, boundedTrialDivision, (, n, ,]
[;, boundedTrialDivision, (, n, ,, bound, ,, factors, ), ;, return, factors, ;, }, public, static, boolean, millerRabinPrimeTest, (, final]
[;, boundedTrialDivision, (, n, ,, bound, ,, factors, ), ;, return, factors, ;, }, public, static, boolean, millerRabinPrimeTest, (, final]
[., sqrt, (, n, ), ;, boundedTrialDivision, (, n, ,, bound, ,, factors, ), ;, return, factors, ;, }, public]
[), ;, boundedTrialDivision, (, n, ,, bound, ,, factors, ), ;, return, factors, ;, }, public, static, boolean, millerRabinPrimeTest, (]
[;, return, factors, ;, }, public, static, boolean, millerRabinPrimeTest, (, final, int, n, ), {, final, int, nMinus1, =, n]
[,, bound, ,, factors, ), ;, return, factors, ;, }, public, static, boolean, millerRabinPrimeTest, (, final, int, n, ), {]
[,, factors, ), ;, return, factors, ;, }, public, static, boolean, millerRabinPrimeTest, (, final, int, n, ), {, final, int]
[), ;, return, factors, ;, }, public, static, boolean, millerRabinPrimeTest, (, final, int, n, ), {, final, int, nMinus1, =]
[;, }, public, static, boolean, millerRabinPrimeTest, (, final, int, n, ), {, final, int, nMinus1, =, n, -, 1, ;]
[;, final, int, s, =, Integer, ., numberOfTrailingZeros, (, nMinus1, ), ;, final, int, r, =, nMinus1, >, >, s]
[-, 1, ;, final, int, s, =, Integer, ., numberOfTrailingZeros, (, nMinus1, ), ;, final, int, r, =, nMinus1, >]
[;, final, int, s, =, Integer, ., numberOfTrailingZeros, (, nMinus1, ), ;, final, int, r, =, nMinus1, >, >, s]
[;, final, int, r, =, nMinus1, >, >, s, ;, int, t, =, 1, ;, if, (, n, >=, 2047]
[., numberOfTrailingZeros, (, nMinus1, ), ;, final, int, r, =, nMinus1, >, >, s, ;, int, t, =, 1, ;]
[), ;, final, int, r, =, nMinus1, >, >, s, ;, int, t, =, 1, ;, if, (, n, >=]
[;, int, t, =, 1, ;, if, (, n, >=, 2047, ), {, t, =, 2, ;, }, if, (]
[>, >, s, ;, int, t, =, 1, ;, if, (, n, >=, 2047, ), {, t, =, 2, ;]
[;, int, t, =, 1, ;, if, (, n, >=, 2047, ), {, t, =, 2, ;, }, if, (]
[;, if, (, n, >=, 2047, ), {, t, =, 2, ;, }, if, (, n, >=, 1373653, ), {]
[), {, t, =, 2, ;, }, if, (, n, >=, 1373653, ), {, t, =, 3, ;, }, if]
[>=, 2047, ), {, t, =, 2, ;, }, if, (, n, >=, 1373653, ), {, t, =, 3, ;]
[), {, t, =, 2, ;, }, if, (, n, >=, 1373653, ), {, t, =, 3, ;, }, if]
[=, 2, ;, }, if, (, n, >=, 1373653, ), {, t, =, 3, ;, }, if, (, n, >=]
[;, }, if, (, n, >=, 1373653, ), {, t, =, 3, ;, }, if, (, n, >=, 25326001, )]
[), {, t, =, 3, ;, }, if, (, n, >=, 25326001, ), {, t, =, 4, ;, }, BigInteger]
[>=, 1373653, ), {, t, =, 3, ;, }, if, (, n, >=, 25326001, ), {, t, =, 4, ;]
[), {, t, =, 3, ;, }, if, (, n, >=, 25326001, ), {, t, =, 4, ;, }, BigInteger]
[=, 3, ;, }, if, (, n, >=, 25326001, ), {, t, =, 4, ;, }, BigInteger, br, =, BigInteger]
[;, }, if, (, n, >=, 25326001, ), {, t, =, 4, ;, }, BigInteger, br, =, BigInteger, ., valueOf]
[), {, t, =, 4, ;, }, BigInteger, br, =, BigInteger, ., valueOf, (, r, ), ;, BigInteger, bn, =]
[>=, 25326001, ), {, t, =, 4, ;, }, BigInteger, br, =, BigInteger, ., valueOf, (, r, ), ;, BigInteger]
[), {, t, =, 4, ;, }, BigInteger, br, =, BigInteger, ., valueOf, (, r, ), ;, BigInteger, bn, =]
[=, 4, ;, }, BigInteger, br, =, BigInteger, ., valueOf, (, r, ), ;, BigInteger, bn, =, BigInteger, ., valueOf]
[;, }, BigInteger, br, =, BigInteger, ., valueOf, (, r, ), ;, BigInteger, bn, =, BigInteger, ., valueOf, (, n]
[;, BigInteger, bn, =, BigInteger, ., valueOf, (, n, ), ;, for, (, int, i, =, 0, ;, i, <]
[., valueOf, (, r, ), ;, BigInteger, bn, =, BigInteger, ., valueOf, (, n, ), ;, for, (, int, i]
[), ;, BigInteger, bn, =, BigInteger, ., valueOf, (, n, ), ;, for, (, int, i, =, 0, ;, i]
[;, for, (, int, i, =, 0, ;, i, <, t, ;, i, ++, ), {, BigInteger, a, =, BigInteger]
[., valueOf, (, n, ), ;, for, (, int, i, =, 0, ;, i, <, t, ;, i, ++, )]
[), ;, for, (, int, i, =, 0, ;, i, <, t, ;, i, ++, ), {, BigInteger, a, =]
[;, i, <, t, ;, i, ++, ), {, BigInteger, a, =, BigInteger, ., valueOf, (, SmallPrimes, ., PRIMES, []
[;, i, ++, ), {, BigInteger, a, =, BigInteger, ., valueOf, (, SmallPrimes, ., PRIMES, [, i, ], ), ;]
[<, t, ;, i, ++, ), {, BigInteger, a, =, BigInteger, ., valueOf, (, SmallPrimes, ., PRIMES, [, i, ]]
[;, i, ++, ), {, BigInteger, a, =, BigInteger, ., valueOf, (, SmallPrimes, ., PRIMES, [, i, ], ), ;]
[), {, BigInteger, a, =, BigInteger, ., valueOf, (, SmallPrimes, ., PRIMES, [, i, ], ), ;, BigInteger, bPow, =]
[++, ), {, BigInteger, a, =, BigInteger, ., valueOf, (, SmallPrimes, ., PRIMES, [, i, ], ), ;, BigInteger, bPow]
[;, BigInteger, bPow, =, a, ., modPow, (, br, ,, bn, ), ;, int, y, =, bPow, ., intValue, (]
[., valueOf, (, SmallPrimes, ., PRIMES, [, i, ], ), ;, BigInteger, bPow, =, a, ., modPow, (, br, ,]
[), ;, BigInteger, bPow, =, a, ., modPow, (, br, ,, bn, ), ;, int, y, =, bPow, ., intValue]
[[, i, ], ), ;, BigInteger, bPow, =, a, ., modPow, (, br, ,, bn, ), ;, int, y, =]
[., PRIMES, [, i, ], ), ;, BigInteger, bPow, =, a, ., modPow, (, br, ,, bn, ), ;, int]
[], ), ;, BigInteger, bPow, =, a, ., modPow, (, br, ,, bn, ), ;, int, y, =, bPow, .]
[;, int, y, =, bPow, ., intValue, (, ), ;, if, (, (, 1, !=, y, ), &&, (, y]
[., modPow, (, br, ,, bn, ), ;, int, y, =, bPow, ., intValue, (, ), ;, if, (, (]
[,, bn, ), ;, int, y, =, bPow, ., intValue, (, ), ;, if, (, (, 1, !=, y, )]
[), ;, int, y, =, bPow, ., intValue, (, ), ;, if, (, (, 1, !=, y, ), &&, (]
[;, if, (, (, 1, !=, y, ), &&, (, y, !=, nMinus1, ), ), {, int, j, =, 1]
[., intValue, (, ), ;, if, (, (, 1, !=, y, ), &&, (, y, !=, nMinus1, ), ), {]
[), {, int, j, =, 1, ;, while, (, (, j, <=, s, -, 1, ), &&, (, nMinus1, !=]
[&&, (, y, !=, nMinus1, ), ), {, int, j, =, 1, ;, while, (, (, j, <=, s, -]
[), &&, (, y, !=, nMinus1, ), ), {, int, j, =, 1, ;, while, (, (, j, <=, s]
[!=, y, ), &&, (, y, !=, nMinus1, ), ), {, int, j, =, 1, ;, while, (, (, j]
[), &&, (, y, !=, nMinus1, ), ), {, int, j, =, 1, ;, while, (, (, j, <=, s]
[), {, int, j, =, 1, ;, while, (, (, j, <=, s, -, 1, ), &&, (, nMinus1, !=]
[), ), {, int, j, =, 1, ;, while, (, (, j, <=, s, -, 1, ), &&, (, nMinus1]
[!=, nMinus1, ), ), {, int, j, =, 1, ;, while, (, (, j, <=, s, -, 1, ), &&]
[), ), {, int, j, =, 1, ;, while, (, (, j, <=, s, -, 1, ), &&, (, nMinus1]
[;, while, (, (, j, <=, s, -, 1, ), &&, (, nMinus1, !=, y, ), ), {, long, square]
[), {, long, square, =, (, (, long, ), y, ), *, y, ;, y, =, (, int, ), (]
[&&, (, nMinus1, !=, y, ), ), {, long, square, =, (, (, long, ), y, ), *, y, ;]
[), &&, (, nMinus1, !=, y, ), ), {, long, square, =, (, (, long, ), y, ), *, y]
[<=, s, -, 1, ), &&, (, nMinus1, !=, y, ), ), {, long, square, =, (, (, long, )]
[), &&, (, nMinus1, !=, y, ), ), {, long, square, =, (, (, long, ), y, ), *, y]
[-, 1, ), &&, (, nMinus1, !=, y, ), ), {, long, square, =, (, (, long, ), y, )]
[), &&, (, nMinus1, !=, y, ), ), {, long, square, =, (, (, long, ), y, ), *, y]
[), {, long, square, =, (, (, long, ), y, ), *, y, ;, y, =, (, int, ), (]
[), ), {, long, square, =, (, (, long, ), y, ), *, y, ;, y, =, (, int, )]
[!=, y, ), ), {, long, square, =, (, (, long, ), y, ), *, y, ;, y, =, (]
[), ), {, long, square, =, (, (, long, ), y, ), *, y, ;, y, =, (, int, )]
[;, y, =, (, int, ), (, square, %, n, ), ;, if, (, 1, ==, y, ), {, return]
[*, y, ;, y, =, (, int, ), (, square, %, n, ), ;, if, (, 1, ==, y, )]
[), *, y, ;, y, =, (, int, ), (, square, %, n, ), ;, if, (, 1, ==, y]
[), *, y, ;, y, =, (, int, ), (, square, %, n, ), ;, if, (, 1, ==, y]
[;, y, =, (, int, ), (, square, %, n, ), ;, if, (, 1, ==, y, ), {, return]
[=, (, int, ), (, square, %, n, ), ;, if, (, 1, ==, y, ), {, return, false, ;]
[;, if, (, 1, ==, y, ), {, return, false, ;, }, j, ++, ;, }, if, (, nMinus1, !=]
[;, if, (, 1, ==, y, ), {, return, false, ;, }, j, ++, ;, }, if, (, nMinus1, !=]
[), ;, if, (, 1, ==, y, ), {, return, false, ;, }, j, ++, ;, }, if, (, nMinus1]
[%, n, ), ;, if, (, 1, ==, y, ), {, return, false, ;, }, j, ++, ;, }, if]
[), ;, if, (, 1, ==, y, ), {, return, false, ;, }, j, ++, ;, }, if, (, nMinus1]
[), {, return, false, ;, }, j, ++, ;, }, if, (, nMinus1, !=, y, ), {, return, false, ;]
[==, y, ), {, return, false, ;, }, j, ++, ;, }, if, (, nMinus1, !=, y, ), {, return]
[), {, return, false, ;, }, j, ++, ;, }, if, (, nMinus1, !=, y, ), {, return, false, ;]
[;, }, j, ++, ;, }, if, (, nMinus1, !=, y, ), {, return, false, ;, }, }, }, return]
[;, }, if, (, nMinus1, !=, y, ), {, return, false, ;, }, }, }, return, true, ;, }, }]
[++, ;, }, if, (, nMinus1, !=, y, ), {, return, false, ;, }, }, }, return, true, ;, }]
[), {, return, false, ;, }, }, }, return, true, ;, }, }]
[!=, y, ), {, return, false, ;, }, }, }, return, true, ;, }, }]
[), {, return, false, ;, }, }, }, return, true, ;, }, }]
[;, }, }, }, return, true, ;, }, }]
[;, }, }]
